-8.0000	-10000.0000
-7.9950	-10000.0000
-7.9900	-10000.0000
-7.9850	-10000.0000
-7.9800	-10000.0000
-7.9750	-10000.0000
-7.9700	-10000.0000
-7.9650	-10000.0000
-7.9600	-10000.0000
-7.9550	-10000.0000
-7.9500	-10000.0000
-7.9450	-10000.0000
-7.9400	-10000.0000
-7.9350	-10000.0000
-7.9300	-10000.0000
-7.9250	-10000.0000
-7.9200	-10000.0000
-7.9150	-10000.0000
-7.9100	-10000.0000
-7.9050	-10000.0000
-7.9000	-10000.0000
-7.8950	-10000.0000
-7.8900	-10000.0000
-7.8850	-10000.0000
-7.8800	-10000.0000
-7.8750	-10000.0000
-7.8700	-10000.0000
-7.8650	-10000.0000
-7.8600	-10000.0000
-7.8550	-10000.0000
-7.8500	-10000.0000
-7.8450	-10000.0000
-7.8400	-10000.0000
-7.8350	-10000.0000
-7.8300	-10000.0000
-7.8250	-10000.0000
-7.8200	-10000.0000
-7.8150	-10000.0000
-7.8100	-10000.0000
-7.8050	-10000.0000
-7.8000	-10000.0000
-7.7950	-10000.0000
-7.7900	-10000.0000
-7.7850	-10000.0000
-7.7800	-10000.0000
-7.7750	-10000.0000
-7.7700	-10000.0000
-7.7650	-10000.0000
-7.7600	-10000.0000
-7.7550	-10000.0000
-7.7500	-10000.0000
-7.7450	-10000.0000
-7.7400	-10000.0000
-7.7350	-10000.0000
-7.7300	-10000.0000
-7.7250	-10000.0000
-7.7200	-10000.0000
-7.7150	-10000.0000
-7.7100	-10000.0000
-7.7050	-10000.0000
-7.7000	-10000.0000
-7.6950	-10000.0000
-7.6900	-10000.0000
-7.6850	-10000.0000
-7.6800	-10000.0000
-7.6750	-10000.0000
-7.6700	-10000.0000
-7.6650	-10000.0000
-7.6600	-10000.0000
-7.6550	-10000.0000
-7.6500	-10000.0000
-7.6450	-10000.0000
-7.6400	-10000.0000
-7.6350	-10000.0000
-7.6300	-10000.0000
-7.6250	-10000.0000
-7.6200	-10000.0000
-7.6150	-10000.0000
-7.6100	-10000.0000
-7.6050	-10000.0000
-7.6000	-10000.0000
-7.5950	-10000.0000
-7.5900	-10000.0000
-7.5850	-10000.0000
-7.5800	-10000.0000
-7.5750	-10000.0000
-7.5700	-10000.0000
-7.5650	-10000.0000
-7.5600	-10000.0000
-7.5550	-10000.0000
-7.5500	-10000.0000
-7.5450	-10000.0000
-7.5400	-10000.0000
-7.5350	-10000.0000
-7.5300	-10000.0000
-7.5250	-10000.0000
-7.5200	-10000.0000
-7.5150	-10000.0000
-7.5100	-10000.0000
-7.5050	-10000.0000
-7.5000	-10000.0000
-7.4950	-10000.0000
-7.4900	-10000.0000
-7.4850	-10000.0000
-7.4800	-10000.0000
-7.4750	-10000.0000
-7.4700	-10000.0000
-7.4650	-10000.0000
-7.4600	-10000.0000
-7.4550	-10000.0000
-7.4500	-10000.0000
-7.4450	-10000.0000
-7.4400	-10000.0000
-7.4350	-10000.0000
-7.4300	-10000.0000
-7.4250	-10000.0000
-7.4200	-10000.0000
-7.4150	-10000.0000
-7.4100	-10000.0000
-7.4050	-10000.0000
-7.4000	-10000.0000
-7.3950	-10000.0000
-7.3900	-10000.0000
-7.3850	-10000.0000
-7.3800	-10000.0000
-7.3750	-10000.0000
-7.3700	-10000.0000
-7.3650 -10000.0000
-7.3600	-10000.0000
-7.3550	-10000.0000
-7.3500	-10000.0000
-7.3450	-10000.0000
-7.3400	-10000.0000
-7.3350	-10000.0000
-7.3300	1.0338
-7.3250	1.0343
-7.3200	1.0307
-7.3150	1.0292
-7.3100	1.0338
-7.3050	1.0362
-7.3000	1.0343
-7.2950	1.0332
-7.2900	1.0336
-7.2850	1.0354
-7.2800	1.0316
-7.2750	1.0314
-7.2700	1.0342
-7.2650	1.0346
-7.2600	1.0327
-7.2550	1.0293
-7.2500	1.0303
-7.2450	1.0324
-7.2400	1.0352
-7.2350	1.0345
-7.2300	1.0332
-7.2250	1.0350
-7.2200	1.0337
-7.2150	1.0321
-7.2100	1.0336
-7.2050	1.0353
-7.2000	1.0365
-7.1950	1.0367
-7.1900	1.0352
-7.1850	1.0320
-7.1800	1.0328
-7.1750	1.0341
-7.1700	1.0353
-7.1650	1.0360
-7.1600	1.0347
-7.1550	1.0328
-7.1500	1.0372
-7.1450	1.0407
-7.1400	1.0371
-7.1350	1.0358
-7.1300	1.0343
-7.1250	1.0323
-7.1200	1.0337
-7.1150	1.0357
-7.1100	1.0376
-7.1050	1.0391
-7.1000	1.0382
-7.0950	1.0320
-7.0900	1.0321
-7.0850	1.0337
-7.0800	1.0344
-7.0750	1.0351
-7.0700	1.0358
-7.0650	1.0364
-7.0600	1.0368
-7.0550	1.0368
-7.0500	1.0366
-7.0450	1.0368
-7.0400	1.0373
-7.0350	1.0375
-7.0300	1.0373
-7.0250	1.0367
-7.0200	1.0362
-7.0150	1.0361
-7.0100	1.0363
-7.0050	1.0364
-7.0000	1.0365
-6.9950	1.0366
-6.9900	1.0365
-6.9850	1.0368
-6.9800	1.0374
-6.9750	1.0383
-6.9700	1.0391
-6.9650	1.0393
-6.9600	1.0387
-6.9550	1.0373
-6.9500	1.0360
-6.9450	1.0357
-6.9400	1.0360
-6.9350	1.0366
-6.9300	1.0374
-6.9250	1.0381
-6.9200	1.0386
-6.9150	1.0395
-6.9100	1.0405
-6.9050	1.0407
-6.9000	1.0407
-6.8950	1.0405
-6.8900	1.0402
-6.8850	1.0396
-6.8800	1.0389
-6.8750	1.0386
-6.8700	1.0389
-6.8650	1.0395
-6.8600	1.0398
-6.8550	1.0396
-6.8500	1.0392
-6.8450	1.0390
-6.8400	1.0390
-6.8350	1.0390
-6.8300	1.0390
-6.8250	1.0392
-6.8200	1.0395
-6.8150	1.0398
-6.8100	1.0402
-6.8050	1.0409
-6.8000	1.0416
-6.7950	1.0419
-6.7900	1.0413
-6.7850	1.0408
-6.7800	1.0405
-6.7750	1.0407
-6.7700	1.0413
-6.7650	1.0421
-6.7600	1.0424
-6.7550	1.0424
-6.7500	1.0420
-6.7450	1.0415
-6.7400	1.0414
-6.7350	1.0417
-6.7300	1.0422
-6.7250	1.0426
-6.7200	1.0426
-6.7150	1.0423
-6.7100	1.0419
-6.7050	1.0414
-6.7000	1.0412
-6.6950	1.0410
-6.6900	1.0410
-6.6850	1.0416
-6.6800	1.0426
-6.6750	1.0436
-6.6700	1.0444
-6.6650	1.0447
-6.6600	1.0444
-6.6550	1.0437
-6.6500	1.0427
-6.6450	1.0423
-6.6400	1.0419
-6.6350	1.0417
-6.6300	1.0424
-6.6250	1.0435
-6.6200	1.0444
-6.6150	1.0442
-6.6100	1.0437
-6.6050	1.0433
-6.6000	1.0431
-6.5950	1.0430
-6.5900	1.0430
-6.5850	1.0429
-6.5800	1.0427
-6.5750	1.0424
-6.5700	1.0426
-6.5650	1.0431
-6.5600	1.0437
-6.5550	1.0445
-6.5500	1.0452
-6.5450	1.0456
-6.5400	1.0458
-6.5350	1.0455
-6.5300	1.0448
-6.5250	1.0442
-6.5200	1.0438
-6.5150	1.0437
-6.5100	1.0442
-6.5050	1.0453
-6.5000	1.0468
-6.4950	1.0482
-6.4900	1.0490
-6.4850	1.0489
-6.4800	1.0479
-6.4750	1.0463
-6.4700	1.0464
-6.4650	1.0468
-6.4600	1.0472
-6.4550	1.0479
-6.4500	1.0484
-6.4450	1.0487
-6.4400	1.0487
-6.4350	1.0484
-6.4300	1.0480
-6.4250	1.0472
-6.4200	1.0467
-6.4150	1.0465
-6.4100	1.0469
-6.4050	1.0474
-6.4000	1.0478
-6.3950	1.0479
-6.3900	1.0479
-6.3850	1.0477
-6.3800	1.0476
-6.3750	1.0476
-6.3700	1.0473
-6.3650	1.0469
-6.3600	1.0467
-6.3550	1.0471
-6.3500	1.0478
-6.3450	1.0487
-6.3400	1.0493
-6.3350	1.0497
-6.3300	1.0499
-6.3250	1.0500
-6.3200	1.0501
-6.3150	1.0502
-6.3100	1.0500
-6.3050	1.0497
-6.3000	1.0497
-6.2950	1.0499
-6.2900	1.0501
-6.2850	1.0501
-6.2800	1.0496
-6.2750	1.0491
-6.2700	1.0488
-6.2650	1.0491
-6.2600	1.0496
-6.2550	1.0501
-6.2500	1.0506
-6.2450	1.0511
-6.2400	1.0516
-6.2350	1.0521
-6.2300	1.0526
-6.2250	1.0530
-6.2200	1.0530
-6.2150	1.0528
-6.2100	1.0526
-6.2050	1.0528
-6.2000	1.0530
-6.1950	1.0528
-6.1900	1.0520
-6.1850	1.0510
-6.1800	1.0509
-6.1750	1.0509
-6.1700	1.0509
-6.1650	1.0508
-6.1600	1.0506
-6.1550	1.0505
-6.1500	1.0507
-6.1450	1.0510
-6.1400	1.0515
-6.1350	1.0521
-6.1300	1.0523
-6.1250	1.0520
-6.1200	1.0513
-6.1150	1.0507
-6.1100	1.0507
-6.1050	1.0514
-6.1000	1.0523
-6.0950	1.0532
-6.0900	1.0538
-6.0850	1.0541
-6.0800	1.0542
-6.0750	1.0544
-6.0700	1.0548
-6.0650	1.0554
-6.0600	1.0557
-6.0550	1.0557
-6.0500	1.0547
-6.0450	1.0537
-6.0400	1.0529
-6.0350	1.0526
-6.0300	1.0526
-6.0250	1.0528
-6.0200	1.0538
-6.0150	1.0550
-6.0100	1.0561
-6.0050	1.0569
-6.0000	1.0571
-5.9950	1.0568
-5.9900	1.0565
-5.9850	1.0563
-5.9800	1.0563
-5.9750	1.0564
-5.9700	1.0562
-5.9650	1.0554
-5.9600	1.0539
-5.9550	1.0525
-5.9500	1.0521
-5.9450	1.0527
-5.9400	1.0538
-5.9350	1.0551
-5.9300	1.0561
-5.9250	1.0565
-5.9200	1.0566
-5.9150	1.0568
-5.9100	1.0570
-5.9050	1.0570
-5.9000	1.0570
-5.8950	1.0570
-5.8900	1.0572
-5.8850	1.0575
-5.8800	1.0580
-5.8750	1.0583
-5.8700	1.0585
-5.8650	1.0586
-5.8600	1.0589
-5.8550	1.0592
-5.8500	1.0594
-5.8450	1.0597
-5.8400	1.0598
-5.8350	1.0596
-5.8300	1.0593
-5.8250	1.0589
-5.8200	1.0585
-5.8150	1.0581
-5.8100	1.0576
-5.8050	1.0572
-5.8000	1.0569
-5.7950	1.0570
-5.7900	1.0575
-5.7850	1.0581
-5.7800	1.0584
-5.7750	1.0584
-5.7700	1.0580
-5.7650	1.0577
-5.7600	1.0581
-5.7550	1.0588
-5.7500	1.0593
-5.7450	1.0598
-5.7400	1.0599
-5.7350	1.0597
-5.7300	1.0591
-5.7250	1.0586
-5.7200	1.0584
-5.7150	1.0582
-5.7100	1.0586
-5.7050	1.0594
-5.7000	1.0602
-5.6950	1.0607
-5.6900	1.0606
-5.6850	1.0596
-5.6800	1.0585
-5.6750	1.0580
-5.6700	1.0581
-5.6650	1.0585
-5.6600	1.0593
-5.6550	1.0602
-5.6500	1.0610
-5.6450	1.0614
-5.6400	1.0622
-5.6350	1.0630
-5.6300	1.0636
-5.6250	1.0643
-5.6200	1.0646
-5.6150	1.0646
-5.6100	1.0641
-5.6050	1.0636
-5.6000	1.0636
-5.5950	1.0636
-5.5900	1.0635
-5.5850	1.0629
-5.5800	1.0623
-5.5750	1.0621
-5.5700	1.0621
-5.5650	1.0624
-5.5600	1.0630
-5.5550	1.0639
-5.5500	1.0645
-5.5450	1.0645
-5.5400	1.0642
-5.5350	1.0638
-5.5300	1.0636
-5.5250	1.0637
-5.5200	1.0640
-5.5150	1.0640
-5.5100	1.0635
-5.5050	1.0630
-5.5000	1.0632
-5.4950	1.0640
-5.4900	1.0649
-5.4850	1.0651
-5.4800	1.0647
-5.4750	1.0642
-5.4700	1.0635
-5.4650	1.0631
-5.4600	1.0629
-5.4550	1.0628
-5.4500	1.0629
-5.4450	1.0631
-5.4400	1.0639
-5.4350	1.0646
-5.4300	1.0648
-5.4250	1.0645
-5.4200	1.0642
-5.4150	1.0642
-5.4100	1.0646
-5.4050	1.0652
-5.4000	1.0655
-5.3950	1.0660
-5.3900	1.0664
-5.3850	1.0663
-5.3800	1.0663
-5.3750	1.0665
-5.3700	1.0666
-5.3650	1.0669
-5.3600	1.0671
-5.3550	1.0671
-5.3500	1.0670
-5.3450	1.0666
-5.3400	1.0661
-5.3350	1.0657
-5.3300	1.0656
-5.3250	1.0661
-5.3200	1.0666
-5.3150	1.0666
-5.3100	1.0662
-5.3050	1.0662
-5.3000	1.0666
-5.2950	1.0670
-5.2900	1.0672
-5.2850	1.0672
-5.2800	1.0672
-5.2750	1.0672
-5.2700	1.0669
-5.2650	1.0664
-5.2600	1.0662
-5.2550	1.0665
-5.2500	1.0672
-5.2450	1.0680
-5.2400	1.0685
-5.2350	1.0689
-5.2300	1.0691
-5.2250	1.0695
-5.2200	1.0699
-5.2150	1.0701
-5.2100	1.0703
-5.2050	1.0704
-5.2000	1.0703
-5.1950	1.0700
-5.1900	1.0698
-5.1850	1.0699
-5.1800	1.0701
-5.1750	1.0703
-5.1700	1.0702
-5.1650	1.0702
-5.1600	1.0704
-5.1550	1.0704
-5.1500	1.0703
-5.1450	1.0700
-5.1400	1.0700
-5.1350	1.0701
-5.1300	1.0703
-5.1250	1.0701
-5.1200	1.0702
-5.1150	1.0705
-5.1100	1.0705
-5.1050	1.0705
-5.1000	1.0705
-5.0950	1.0702
-5.0900	1.0702
-5.0850	1.0705
-5.0800	1.0705
-5.0750	1.0707
-5.0700	1.0709
-5.0650	1.0712
-5.0600	1.0710
-5.0550	1.0706
-5.0500	1.0706
-5.0450	1.0711
-5.0400	1.0718
-5.0350	1.0724
-5.0300	1.0726
-5.0250	1.0725
-5.0200	1.0726
-5.0150	1.0728
-5.0100	1.0732
-5.0050	1.0734
-5.0000	1.0735
-4.9950	1.0735
-4.9900	1.0734
-4.9850	1.0734
-4.9800	1.0734
-4.9750	1.0734
-4.9700	1.0734
-4.9650	1.0742
-4.9600	1.0750
-4.9550	1.0755
-4.9500	1.0759
-4.9450	1.0761
-4.9400	1.0763
-4.9350	1.0756
-4.9300	1.0748
-4.9250	1.0741
-4.9200	1.0741
-4.9150	1.0745
-4.9100	1.0749
-4.9050	1.0749
-4.9000	1.0747
-4.8950	1.0749
-4.8900	1.0751
-4.8850	1.0751
-4.8800	1.0750
-4.8750	1.0751
-4.8700	1.0754
-4.8650	1.0754
-4.8600	1.0750
-4.8550	1.0742
-4.8500	1.0737
-4.8450	1.0733
-4.8400	1.0733
-4.8350	1.0734
-4.8300	1.0739
-4.8250	1.0745
-4.8200	1.0752
-4.8150	1.0761
-4.8100	1.0771
-4.8050	1.0778
-4.8000	1.0780
-4.7950	1.0776
-4.7900	1.0768
-4.7850	1.0763
-4.7800	1.0763
-4.7750	1.0767
-4.7700	1.0772
-4.7650	1.0775
-4.7600	1.0774
-4.7550	1.0770
-4.7500	1.0768
-4.7450	1.0767
-4.7400	1.0767
-4.7350	1.0764
-4.7300	1.0760
-4.7250	1.0757
-4.7200	1.0761
-4.7150	1.0767
-4.7100	1.0773
-4.7050	1.0780
-4.7000	1.0785
-4.6950	1.0787
-4.6900	1.0795
-4.6850	1.0802
-4.6800	1.0806
-4.6750	1.0807
-4.6700	1.0804
-4.6650	1.0802
-4.6600	1.0800
-4.6550	1.0799
-4.6500	1.0798
-4.6450	1.0797
-4.6400	1.0799
-4.6350	1.0802
-4.6300	1.0806
-4.6250	1.0809
-4.6200	1.0809
-4.6150	1.0807
-4.6100	1.0804
-4.6050	1.0802
-4.6000	1.0801
-4.5950	1.0801
-4.5900	1.0803
-4.5850	1.0805
-4.5800	1.0806
-4.5750	1.0811
-4.5700	1.0817
-4.5650	1.0821
-4.5600	1.0822
-4.5550	1.0823
-4.5500	1.0823
-4.5450	1.0821
-4.5400	1.0817
-4.5350	1.0812
-4.5300	1.0806
-4.5250	1.0803
-4.5200	1.0806
-4.5150	1.0811
-4.5100	1.0815
-4.5050	1.0819
-4.5000	1.0819
-4.4950	1.0816
-4.4900	1.0812
-4.4850	1.0807
-4.4800	1.0805
-4.4750	1.0807
-4.4700	1.0813
-4.4650	1.0819
-4.4600	1.0825
-4.4550	1.0829
-4.4500	1.0831
-4.4450	1.0832
-4.4400	1.0833
-4.4350	1.0835
-4.4300	1.0837
-4.4250	1.0837
-4.4200	1.0838
-4.4150	1.0839
-4.4100	1.0840
-4.4050	1.0843
-4.4000	1.0843
-4.3950	1.0842
-4.3900	1.0841
-4.3850	1.0840
-4.3800	1.0838
-4.3750	1.0836
-4.3700	1.0837
-4.3650	1.0841
-4.3600	1.0845
-4.3550	1.0847
-4.3500	1.0845
-4.3450	1.0841
-4.3400	1.0840
-4.3350	1.0842
-4.3300	1.0851
-4.3250	1.0859
-4.3200	1.0863
-4.3150	1.0864
-4.3100	1.0861
-4.3050	1.0857
-4.3000	1.0853
-4.2950	1.0852
-4.2900	1.0857
-4.2850	1.0863
-4.2800	1.0868
-4.2750	1.0868
-4.2700	1.0869
-4.2650	1.0869
-4.2600	1.0870
-4.2550	1.0870
-4.2500	1.0867
-4.2450	1.0866
-4.2400	1.0868
-4.2350	1.0872
-4.2300	1.0875
-4.2250	1.0878
-4.2200	1.0879
-4.2150	1.0883
-4.2100	1.0887
-4.2050	1.0887
-4.2000	1.0885
-4.1950	1.0884
-4.1900	1.0886
-4.1850	1.0890
-4.1800	1.0893
-4.1750	1.0895
-4.1700	1.0897
-4.1650	1.0896
-4.1600	1.0892
-4.1550	1.0887
-4.1500	1.0884
-4.1450	1.0881
-4.1400	1.0877
-4.1350	1.0873
-4.1300	1.0872
-4.1250	1.0875
-4.1200	1.0882
-4.1150	1.0890
-4.1100	1.0895
-4.1050	1.0897
-4.1000	1.0898
-4.0950	1.0898
-4.0900	1.0898
-4.0850	1.0900
-4.0800	1.0900
-4.0750	1.0900
-4.0700	1.0899
-4.0650	1.0900
-4.0600	1.0903
-4.0550	1.0907
-4.0500	1.0912
-4.0450	1.0917
-4.0400	1.0920
-4.0350	1.0917
-4.0300	1.0916
-4.0250	1.0915
-4.0200	1.0915
-4.0150	1.0914
-4.0100	1.0914
-4.0050	1.0914
-4.0000	1.0914
-3.9950	1.0915
-3.9900	1.0916
-3.9850	1.0917
-3.9800	1.0917
-3.9750	1.0919
-3.9700	1.0921
-3.9650	1.0923
-3.9600	1.0920
-3.9550	1.0917
-3.9500	1.0917
-3.9450	1.0921
-3.9400	1.0927
-3.9350	1.0932
-3.9300	1.0938
-3.9250	1.0940
-3.9200	1.0937
-3.9150	1.0933
-3.9100	1.0930
-3.9050	1.0930
-3.9000	1.0932
-3.8950	1.0934
-3.8900	1.0937
-3.8850	1.0939
-3.8800	1.0941
-3.8750	1.0940
-3.8700	1.0938
-3.8650	1.0935
-3.8600	1.0934
-3.8550	1.0936
-3.8500	1.0940
-3.8450	1.0940
-3.8400	1.0939
-3.8350	1.0939
-3.8300	1.0941
-3.8250	1.0943
-3.8200	1.0945
-3.8150	1.0946
-3.8100	1.0945
-3.8050	1.0943
-3.8000	1.0940
-3.7950	1.0938
-3.7900	1.0938
-3.7850	1.0945
-3.7800	1.0953
-3.7750	1.0959
-3.7700	1.0961
-3.7650	1.0958
-3.7600	1.0953
-3.7550	1.0947
-3.7500	1.0941
-3.7450	1.0939
-3.7400	1.0938
-3.7350	1.0939
-3.7300	1.0944
-3.7250	1.0951
-3.7200	1.0957
-3.7150	1.0963
-3.7100	1.0966
-3.7050	1.0965
-3.7000	1.0963
-3.6950	1.0961
-3.6900	1.0958
-3.6850	1.0956
-3.6800	1.0956
-3.6750	1.0959
-3.6700	1.0963
-3.6650	1.0968
-3.6600	1.0971
-3.6550	1.0973
-3.6500	1.0975
-3.6450	1.0975
-3.6400	1.0975
-3.6350	1.0977
-3.6300	1.0979
-3.6250	1.0982
-3.6200	1.0984
-3.6150	1.0987
-3.6100	1.0991
-3.6050	1.0994
-3.6000	1.0997
-3.5950	1.0997
-3.5900	1.0996
-3.5850	1.0997
-3.5800	1.0998
-3.5750	1.1000
-3.5700	1.0998
-3.5650	1.0996
-3.5600	1.0994
-3.5550	1.0992
-3.5500	1.0991
-3.5450	1.0993
-3.5400	1.0995
-3.5350	1.0999
-3.5300	1.1004
-3.5250	1.1007
-3.5200	1.1007
-3.5150	1.1004
-3.5100	1.1001
-3.5050	1.0998
-3.5000	1.0997
-3.4950	1.0998
-3.4900	1.1002
-3.4850	1.1007
-3.4800	1.1012
-3.4750	1.1015
-3.4700	1.1018
-3.4650	1.1022
-3.4600	1.1026
-3.4550	1.1030
-3.4500	1.1032
-3.4450	1.1030
-3.4400	1.1023
-3.4350	1.1016
-3.4300	1.1014
-3.4250	1.1018
-3.4200	1.1024
-3.4150	1.1028
-3.4100	1.1031
-3.4050	1.1034
-3.4000	1.1037
-3.3950	1.1040
-3.3900	1.1042
-3.3850	1.1045
-3.3800	1.1049
-3.3750	1.1052
-3.3700	1.1053
-3.3650	1.1052
-3.3600	1.1046
-3.3550	1.1042
-3.3500	1.1040
-3.3450	1.1040
-3.3400	1.1040
-3.3350	1.1039
-3.3300	1.1037
-3.3250	1.1038
-3.3200	1.1043
-3.3150	1.1047
-3.3100	1.1052
-3.3050	1.1053
-3.3000	1.1056
-3.2950	1.1059
-3.2900	1.1061
-3.2850	1.1060
-3.2800	1.1057
-3.2750	1.1055
-3.2700	1.1054
-3.2650	1.1053
-3.2600	1.1054
-3.2550	1.1054
-3.2500	1.1054
-3.2450	1.1057
-3.2400	1.1064
-3.2350	1.1073
-3.2300	1.1080
-3.2250	1.1085
-3.2200	1.1085
-3.2150	1.1084
-3.2100	1.1081
-3.2050	1.1077
-3.2000	1.1074
-3.1950	1.1074
-3.1900	1.1076
-3.1850	1.1083
-3.1800	1.1089
-3.1750	1.1092
-3.1700	1.1093
-3.1650	1.1091
-3.1600	1.1090
-3.1550	1.1091
-3.1500	1.1092
-3.1450	1.1090
-3.1400	1.1088
-3.1350	1.1087
-3.1300	1.1088
-3.1250	1.1087
-3.1200	1.1086
-3.1150	1.1083
-3.1100	1.1080
-3.1050	1.1080
-3.1000	1.1081
-3.0950	1.1084
-3.0900	1.1085
-3.0850	1.1087
-3.0800	1.1090
-3.0750	1.1092
-3.0700	1.1098
-3.0650	1.1105
-3.0600	1.1115
-3.0550	1.1123
-3.0500	1.1127
-3.0450	1.1126
-3.0400	1.1125
-3.0350	1.1124
-3.0300	1.1123
-3.0250	1.1123
-3.0200	1.1123
-3.0150	1.1127
-3.0100	1.1130
-3.0050	1.1133
-3.0000	1.1131
-2.9950	1.1131
-2.9900	1.1133
-2.9850	1.1137
-2.9800	1.1140
-2.9750	1.1140
-2.9700	1.1141
-2.9650	1.1144
-2.9600	1.1146
-2.9550	1.1144
-2.9500	1.1139
-2.9450	1.1137
-2.9400	1.1140
-2.9350	1.1145
-2.9300	1.1155
-2.9250	1.1162
-2.9200	1.1165
-2.9150	1.1166
-2.9100	1.1167
-2.9050	1.1167
-2.9000	1.1169
-2.8950	1.1172
-2.8900	1.1176
-2.8850	1.1180
-2.8800	1.1183
-2.8750	1.1182
-2.8700	1.1180
-2.8650	1.1177
-2.8600	1.1177
-2.8550	1.1176
-2.8500	1.1175
-2.8450	1.1175
-2.8400	1.1177
-2.8350	1.1181
-2.8300	1.1183
-2.8250	1.1183
-2.8200	1.1182
-2.8150	1.1183
-2.8100	1.1187
-2.8050	1.1192
-2.8000	1.1193
-2.7950	1.1193
-2.7900	1.1195
-2.7850	1.1199
-2.7800	1.1205
-2.7750	1.1208
-2.7700	1.1212
-2.7650	1.1215
-2.7600	1.1218
-2.7550	1.1222
-2.7500	1.1224
-2.7450	1.1225
-2.7400	1.1224
-2.7350	1.1219
-2.7300	1.1216
-2.7250	1.1217
-2.7200	1.1223
-2.7150	1.1231
-2.7100	1.1238
-2.7050	1.1240
-2.7000	1.1241
-2.6950	1.1240
-2.6900	1.1239
-2.6850	1.1237
-2.6800	1.1236
-2.6750	1.1235
-2.6700	1.1237
-2.6650	1.1243
-2.6600	1.1248
-2.6550	1.1253
-2.6500	1.1255
-2.6450	1.1257
-2.6400	1.1257
-2.6350	1.1255
-2.6300	1.1250
-2.6250	1.1247
-2.6200	1.1247
-2.6150	1.1253
-2.6100	1.1260
-2.6050	1.1267
-2.6000	1.1272
-2.5950	1.1275
-2.5900	1.1276
-2.5850	1.1280
-2.5800	1.1284
-2.5750	1.1286
-2.5700	1.1286
-2.5650	1.1284
-2.5600	1.1281
-2.5550	1.1280
-2.5500	1.1280
-2.5450	1.1313
-2.5400	1.1338
-2.5350	1.1341
-2.5300	1.1344
-2.5250	1.1342
-2.5200	1.1327
-2.5150	1.1331
-2.5100	1.1348
-2.5050	1.1353
-2.5000	1.1358
-2.4950	1.1358
-2.4900	1.1353
-2.4850	1.1349
-2.4800	1.1346
-2.4750	1.1349
-2.4700	1.1353
-2.4650	1.1357
-2.4600	1.1357
-2.4550	1.1357
-2.4500	1.1358
-2.4450	1.1360
-2.4400	1.1361
-2.4350	1.1361
-2.4300	1.1362
-2.4250	1.1364
-2.4200	1.1365
-2.4150	1.1368
-2.4100	1.1370
-2.4050	1.1370
-2.4000	1.1374
-2.3950	1.1381
-2.3900	1.1389
-2.3850	1.1397
-2.3800	1.1401
-2.3750	1.1400
-2.3700	1.1394
-2.3650	1.1388
-2.3600	1.1389
-2.3550	1.1393
-2.3500	1.1398
-2.3450	1.1400
-2.3400	1.1402
-2.3350	1.1403
-2.3300	1.1407
-2.3250	1.1413
-2.3200	1.1413
-2.3150	1.1418
-2.3100	1.1426
-2.3050	1.1433
-2.3000	1.1438
-2.2950	1.1439
-2.2900	1.1434
-2.2850	1.1427
-2.2800	1.1420
-2.2750	1.1411
-2.2700	1.1400
-2.2650	1.1392
-2.2600	1.1381
-2.2550	1.1376
-2.2500	1.1376
-2.2450	1.1378
-2.2400	1.1380
-2.2350	1.1378
-2.2300	1.1404
-2.2250	1.1425
-2.2200	1.1365
-2.2150	1.1334
-2.2100	1.1333
-2.2050	1.1338
-2.2000	1.1344
-2.1950	1.1351
-2.1900	1.1355
-2.1850	1.1363
-2.1800	1.1372
-2.1750	1.1361
-2.1700	1.1334
-2.1650	1.1302
-2.1600	1.1291
-2.1550	1.1287
-2.1500	1.1283
-2.1450	1.1277
-2.1400	1.1271
-2.1350	1.1269
-2.1300	1.1259
-2.1250	1.1258
-2.1200	1.1268
-2.1150	1.1284
-2.1100	1.1303
-2.1050	1.1315
-2.1000	1.1329
-2.0950	1.1338
-2.0900	1.1339
-2.0850	1.1401
-2.0800	1.1522
-2.0750	1.1587
-2.0700	1.1592
-2.0650	1.1594
-2.0600	1.1598
-2.0550	1.1602
-2.0500	1.1603
-2.0450	1.1597
-2.0400	1.1588
-2.0350	1.1583
-2.0300	1.1577
-2.0250	1.1570
-2.0200	1.1578
-2.0150	1.1502
-2.0100	1.1333
-2.0050	1.1333
-2.0000	1.1338
-1.9950	1.1344
-1.9900	1.1347
-1.9850	1.1352
-1.9800	1.1361
-1.9750	1.1368
-1.9700	1.1371
-1.9650	1.1371
-1.9600	1.1378
-1.9550	1.1388
-1.9500	1.1396
-1.9450	1.1388
-1.9400	1.1371
-1.9350	1.1368
-1.9300	1.1366
-1.9250	1.1363
-1.9200	1.1350
-1.9150	1.1333
-1.9100	1.1316
-1.9050	1.1313
-1.9000	1.1309
-1.8950	1.1304
-1.8900	1.1296
-1.8850	1.1286
-1.8800	1.1279
-1.8750	1.1279
-1.8700	1.1286
-1.8650	1.1297
-1.8600	1.1309
-1.8550	1.1318
-1.8500	1.1320
-1.8450	1.1325
-1.8400	1.1332
-1.8350	1.1343
-1.8300	1.1353
-1.8250	1.1362
-1.8200	1.1370
-1.8150	1.1380
-1.8100	1.1387
-1.8050	1.1393
-1.8000	1.1392
-1.7950	1.1387
-1.7900	1.1381
-1.7850	1.1377
-1.7800	1.1377
-1.7750	1.1380
-1.7700	1.1385
-1.7650	1.1388
-1.7600	1.1391
-1.7550	1.1393
-1.7500	1.1392
-1.7450	1.1389
-1.7400	1.1386
-1.7350	1.1387
-1.7300	1.1394
-1.7250	1.1403
-1.7200	1.1409
-1.7150	1.1416
-1.7100	1.1419
-1.7050	1.1421
-1.7000	1.1419
-1.6950	1.1412
-1.6900	1.1402
-1.6850	1.1397
-1.6800	1.1399
-1.6750	1.1396
-1.6700	1.1388
-1.6650	1.1379
-1.6600	1.1372
-1.6550	1.1369
-1.6500	1.1375
-1.6450	1.1380
-1.6400	1.1384
-1.6350	1.1386
-1.6300	1.1388
-1.6250	1.1392
-1.6200	1.1394
-1.6150	1.1394
-1.6100	1.1392
-1.6050	1.1394
-1.6000	1.1397
-1.5950	1.1401
-1.5900	1.1404
-1.5850	1.1408
-1.5800	1.1411
-1.5750	1.1411
-1.5700	1.1409
-1.5650	1.1404
-1.5600	1.1398
-1.5550	1.1394
-1.5500	1.1391
-1.5450	1.1385
-1.5400	1.1377
-1.5350	1.1371
-1.5300	1.1369
-1.5250	1.1376
-1.5200	1.1394
-1.5150	1.1414
-1.5100	1.1428
-1.5050	1.1435
-1.5000	1.1439
-1.4950	1.1440
-1.4900	1.1441
-1.4850	1.1439
-1.4800	1.1433
-1.4750	1.1425
-1.4700	1.1419
-1.4650	1.1419
-1.4600	1.1423
-1.4550	1.1430
-1.4500	1.1435
-1.4450	1.1440
-1.4400	1.1444
-1.4350	1.1446
-1.4300	1.1448
-1.4250	1.1448
-1.4200	1.1456
-1.4150	1.1468
-1.4100	1.1479
-1.4050	1.1485
-1.4000	1.1487
-1.3950	1.1487
-1.3900	1.1488
-1.3850	1.1488
-1.3800	1.1487
-1.3750	1.1482
-1.3700	1.1475
-1.3650	1.1471
-1.3600	1.1469
-1.3550	1.1469
-1.3500	1.1466
-1.3450	1.1461
-1.3400	1.1457
-1.3350	1.1461
-1.3300	1.1469
-1.3250	1.1479
-1.3200	1.1484
-1.3150	1.1485
-1.3100	1.1484
-1.3050	1.1485
-1.3000	1.1485
-1.2950	1.1484
-1.2900	1.1483
-1.2850	1.1482
-1.2800	1.1484
-1.2750	1.1484
-1.2700	1.1479
-1.2650	1.1472
-1.2600	1.1465
-1.2550	1.1460
-1.2500	1.1459
-1.2450	1.1458
-1.2400	1.1458
-1.2350	1.1460
-1.2300	1.1462
-1.2250	1.1462
-1.2200	1.1457
-1.2150	1.1455
-1.2100	1.1456
-1.2050	1.1464
-1.2000	1.1475
-1.1950	1.1485
-1.1900	1.1495
-1.1850	1.1501
-1.1800	1.1503
-1.1750	1.1504
-1.1700	1.1503
-1.1650	1.1505
-1.1600	1.1512
-1.1550	1.1518
-1.1500	1.1526
-1.1450	1.1529
-1.1400	1.1526
-1.1350	1.1519
-1.1300	1.1506
-1.1250	1.1487
-1.1200	1.1486
-1.1150	1.1492
-1.1100	1.1498
-1.1050	1.1504
-1.1000	1.1506
-1.0950	1.1497
-1.0900	1.1496
-1.0850	1.1501
-1.0800	1.1505
-1.0750	1.1511
-1.0700	1.1518
-1.0650	1.1524
-1.0600	1.1530
-1.0550	1.1531
-1.0500	1.1527
-1.0450	1.1522
-1.0400	1.1520
-1.0350	1.1517
-1.0300	1.1513
-1.0250	1.1509
-1.0200	1.1502
-1.0150	1.1493
-1.0100	1.1484
-1.0050	1.1481
-1.0000	1.1487
-0.9950	1.1501
-0.9900	1.1511
-0.9850	1.1515
-0.9800	1.1512
-0.9750	1.1512
-0.9700	1.1515
-0.9650	1.1519
-0.9600	1.1520
-0.9550	1.1517
-0.9500	1.1491
-0.9450	1.1461
-0.9400	1.1437
-0.9350	1.1473
-0.9300	1.1508
-0.9250	1.1512
-0.9200	1.1513
-0.9150	1.1516
-0.9100	1.1534
-0.9050	1.1549
-0.9000	1.1559
-0.8950	1.1561
-0.8900	1.1561
-0.8850	1.1557
-0.8800	1.1549
-0.8750	1.1539
-0.8700	1.1533
-0.8650	1.1532
-0.8600	1.1541
-0.8550	1.1557
-0.8500	1.1574
-0.8450	1.1584
-0.8400	1.1584
-0.8350	1.1584
-0.8300	1.1586
-0.8250	1.1588
-0.8200	1.1594
-0.8150	1.1601
-0.8100	1.1599
-0.8050	1.1595
-0.8000	1.1590
-0.7950	1.1585
-0.7900	1.1601
-0.7850	1.1625
-0.7800	1.1621
-0.7750	1.1613
-0.7700	1.1603
-0.7650	1.1596
-0.7600	1.1590
-0.7550	1.1585
-0.7500	1.1579
-0.7450	1.1574
-0.7400	1.1573
-0.7350	1.1574
-0.7300	1.1575
-0.7250	1.1575
-0.7200	1.1577
-0.7150	1.1583
-0.7100	1.1590
-0.7050	1.1606
-0.7000	1.1623
-0.6950	1.1622
-0.6900	1.1616
-0.6850	1.1608
-0.6800	1.1611
-0.6750	1.1614
-0.6700	1.1614
-0.6650	1.1612
-0.6600	1.1610
-0.6550	1.1608
-0.6500	1.1605
-0.6450	1.1602
-0.6400	1.1600
-0.6350	1.1600
-0.6300	1.1600
-0.6250	1.1602
-0.6200	1.1607
-0.6150	1.1615
-0.6100	1.1629
-0.6050	1.1645
-0.6000	1.1658
-0.5950	1.1662
-0.5900	1.1666
-0.5850	1.1668
-0.5800	1.1667
-0.5750	1.1661
-0.5700	1.1653
-0.5650	1.1643
-0.5600	1.1634
-0.5550	1.1630
-0.5500	1.1629
-0.5450	1.1627
-0.5400	1.1623
-0.5350	1.1614
-0.5300	1.1605
-0.5250	1.1600
-0.5200	1.1598
-0.5150	1.1597
-0.5100	1.1594
-0.5050	1.1593
-0.5000	1.1595
-0.4950	1.1600
-0.4900	1.1596
-0.4850	1.1585
-0.4800	1.1573
-0.4750	1.1558
-0.4700	1.1545
-0.4650	1.1540
-0.4600	1.1542
-0.4550	1.1550
-0.4500	1.1559
-0.4450	1.1568
-0.4400	1.1576
-0.4350	1.1592
-0.4300	1.1611
-0.4250	1.1627
-0.4200	1.1642
-0.4150	1.1653
-0.4100	1.1659
-0.4050	1.1667
-0.4000	1.1674
-0.3950	1.1677
-0.3900	1.1661
-0.3850	1.1637
-0.3800	1.1638
-0.3750	1.1637
-0.3700	1.1635
-0.3650	1.1650
-0.3600	1.1667
-0.3550	1.1678
-0.3500	1.1691
-0.3450	1.1695
-0.3400	1.1686
-0.3350	1.1667
-0.3300	1.1648
-0.3250	1.1638
-0.3200	1.1631
-0.3150	1.1628
-0.3100	1.1624
-0.3050	1.1624
-0.3000	1.1628
-0.2950	1.1632
-0.2900	1.1634
-0.2850	1.1630
-0.2800	1.1622
-0.2750	1.1612
-0.2700	1.1604
-0.2650	1.1608
-0.2600	1.1615
-0.2550	1.1622
-0.2500	1.1626
-0.2450	1.1630
-0.2400	1.1635
-0.2350	1.1642
-0.2300	1.1652
-0.2250	1.1664
-0.2200	1.1679
-0.2150	1.1689
-0.2100	1.1689
-0.2050	1.1690
-0.2000	1.1694
-0.1950	1.1704
-0.1900	1.1709
-0.1850	1.1708
-0.1800	1.1706
-0.1750	1.1703
-0.1700	1.1701
-0.1650	1.1704
-0.1600	1.1712
-0.1550	1.1722
-0.1500	1.1725
-0.1450	1.1725
-0.1400	1.1725
-0.1350	1.1714
-0.1300	1.1683
-0.1250	1.1637
-0.1200	1.1671
-0.1150	1.1751
-0.1100	1.1770
-0.1050	1.1777
-0.1000	1.1769
-0.0950	1.1742
-0.0900	1.1717
-0.0850	1.1698
-0.0800	1.1686
-0.0750	1.1677
-0.0700	1.1672
-0.0650	1.1679
-0.0600	1.1687
-0.0550	1.1691
-0.0500	1.1697
-0.0450	1.1704
-0.0400	1.1711
-0.0350	1.1726
-0.0300	1.1741
-0.0250	1.1748
-0.0200	1.1745
-0.0150	1.1737
-0.0100	1.1721
-0.0050	1.1705
0.0000	1.1693
0.0050	1.1691
0.0100	1.1688
0.0150	1.1688
0.0200	1.1693
0.0250	1.1706
0.0300	1.1725
0.0350	1.1739
0.0400	1.1753
0.0450	1.1761
0.0500	1.1762
0.0550	1.1758
0.0600	1.1753
0.0650	1.1747
0.0700	1.1742
0.0750	1.1742
0.0800	1.1748
0.0850	1.1754
0.0900	1.1756
0.0950	1.1755
0.1000	1.1753
0.1050	1.1753
0.1100	1.1750
0.1150	1.1743
0.1200	1.1734
0.1250	1.1725
0.1300	1.1720
0.1350	1.1720
0.1400	1.1719
0.1450	1.1718
0.1500	1.1714
0.1550	1.1710
0.1600	1.1708
0.1650	1.1706
0.1700	1.1706
0.1750	1.1710
0.1800	1.1719
0.1850	1.1731
0.1900	1.1740
0.1950	1.1749
0.2000	1.1757
0.2050	1.1757
0.2100	1.1754
0.2150	1.1744
0.2200	1.1734
0.2250	1.1720
0.2300	1.1706
0.2350	1.1699
0.2400	1.1696
0.2450	1.1697
0.2500	1.1708
0.2550	1.1726
0.2600	1.1744
0.2650	1.1763
0.2700	1.1779
0.2750	1.1790
0.2800	1.1804
0.2850	1.1817
0.2900	1.1824
0.2950	1.1827
0.3000	1.1834
0.3050	1.1843
0.3100	1.1804
0.3150	1.1764
0.3200	1.1766
0.3250	1.1801
0.3300	1.1845
0.3350	1.1837
0.3400	1.1829
0.3450	1.1825
0.3500	1.1828
0.3550	1.1847
0.3600	1.1870
0.3650	1.1868
0.3700	1.1866
0.3750	1.1866
0.3800	1.1865
0.3850	1.1866
0.3900	1.1871
0.3950	1.1879
0.4000	1.1887
0.4050	1.1893
0.4100	1.1833
0.4150	1.1782
0.4200	1.1774
0.4250	1.1775
0.4300	1.1782
0.4350	1.1789
0.4400	1.1796
0.4450	1.1803
0.4500	1.1810
0.4550	1.1815
0.4600	1.1811
0.4650	1.1797
0.4700	1.1785
0.4750	1.1779
0.4800	1.1782
0.4850	1.1785
0.4900	1.1789
0.4950	1.1784
0.5000	1.1777
0.5050	1.1773
0.5100	1.1776
0.5150	1.1780
0.5200	1.1781
0.5250	1.1776
0.5300	1.1773
0.5350	1.1773
0.5400	1.1787
0.5450	1.1808
0.5500	1.1816
0.5550	1.1830
0.5600	1.1844
0.5650	1.1845
0.5700	1.1841
0.5750	1.1837
0.5800	1.1842
0.5850	1.1854
0.5900	1.1867
0.5950	1.1875
0.6000	1.1862
0.6050	1.1840
0.6100	1.1821
0.6150	1.1806
0.6200	1.1793
0.6250	1.1787
0.6300	1.1788
0.6350	1.1793
0.6400	1.1797
0.6450	1.1797
0.6500	1.1793
0.6550	1.1780
0.6600	1.1765
0.6650	1.1756
0.6700	1.1760
0.6750	1.1776
0.6800	1.1794
0.6850	1.1815
0.6900	1.1834
0.6950	1.1847
0.7000	1.1861
0.7050	1.1879
0.7100	1.1910
0.7150	1.1922
0.7200	1.1915
0.7250	1.1896
0.7300	1.1888
0.7350	1.1890
0.7400	1.1884
0.7450	1.1878
0.7500	1.1876
0.7550	1.1881
0.7600	1.1887
0.7650	1.1894
0.7700	1.1901
0.7750	1.1907
0.7800	1.1910
0.7850	1.1906
0.7900	1.1895
0.7950	1.1882
0.8000	1.1866
0.8050	1.1852
0.8100	1.1847
0.8150	1.1844
0.8200	1.1843
0.8250	1.1838
0.8300	1.1833
0.8350	1.1832
0.8400	1.1838
0.8450	1.1834
0.8500	1.1824
0.8550	1.1838
0.8600	1.1852
0.8650	1.1856
0.8700	1.1856
0.8750	1.1852
0.8800	1.1846
0.8850	1.1843
0.8900	1.1845
0.8950	1.1850
0.9000	1.1857
0.9050	1.1861
0.9100	1.1859
0.9150	1.1859
0.9200	1.1859
0.9250	1.1860
0.9300	1.1858
0.9350	1.1852
0.9400	1.1844
0.9450	1.1839
0.9500	1.1840
0.9550	1.1844
0.9600	1.1854
0.9650	1.1866
0.9700	1.1872
0.9750	1.1881
0.9800	1.1890
0.9850	1.1891
0.9900	1.1892
0.9950	1.1891
1.0000	1.1885
1.0050	1.1880
1.0100	1.1877
1.0150	1.1874
1.0200	1.1870
1.0250	1.1868
1.0300	1.1871
1.0350	1.1875
1.0400	1.1878
1.0450	1.1879
1.0500	1.1878
1.0550	1.1876
1.0600	1.1872
1.0650	1.1864
1.0700	1.1848
1.0750	1.1843
1.0800	1.1850
1.0850	1.1860
1.0900	1.1875
1.0950	1.1890
1.1000	1.1903
1.1050	1.1918
1.1100	1.1930
1.1150	1.1935
1.1200	1.1936
1.1250	1.1934
1.1300	1.1930
1.1350	1.1922
1.1400	1.1914
1.1450	1.1904
1.1500	1.1896
1.1550	1.1893
1.1600	1.1891
1.1650	1.1889
1.1700	1.1886
1.1750	1.1882
1.1800	1.1877
1.1850	1.1871
1.1900	1.1864
1.1950	1.1856
1.2000	1.1851
1.2050	1.1845
1.2100	1.1844
1.2150	1.1853
1.2200	1.1866
1.2250	1.1879
1.2300	1.1884
1.2350	1.1890
1.2400	1.1896
1.2450	1.1904
1.2500	1.1918
1.2550	1.1931
1.2600	1.1936
1.2650	1.1940
1.2700	1.1941
1.2750	1.1941
1.2800	1.1942
1.2850	1.1944
1.2900	1.1949
1.2950	1.1953
1.3000	1.1953
1.3050	1.1949
1.3100	1.1944
1.3150	1.1939
1.3200	1.1932
1.3250	1.1926
1.3300	1.1924
1.3350	1.1925
1.3400	1.1938
1.3450	1.1959
1.3500	1.1978
1.3550	1.1987
1.3600	1.1985
1.3650	1.1970
1.3700	1.1948
1.3750	1.1930
1.3800	1.1915
1.3850	1.1908
1.3900	1.1908
1.3950	1.1911
1.4000	1.1914
1.4050	1.1914
1.4100	1.1909
1.4150	1.1900
1.4200	1.1888
1.4250	1.1880
1.4300	1.1879
1.4350	1.1882
1.4400	1.1885
1.4450	1.1886
1.4500	1.1888
1.4550	1.1896
1.4600	1.1909
1.4650	1.1926
1.4700	1.1945
1.4750	1.1960
1.4800	1.1954
1.4850	1.1942
1.4900	1.1932
1.4950	1.1925
1.5000	1.1924
1.5050	1.1929
1.5100	1.1935
1.5150	1.1941
1.5200	1.1945
1.5250	1.1964
1.5300	1.1985
1.5350	1.1983
1.5400	1.1980
1.5450	1.1982
1.5500	1.1992
1.5550	1.2022
1.5600	1.2056
1.5650	1.2059
1.5700	1.2048
1.5750	1.2029
1.5800	1.2016
1.5850	1.2007
1.5900	1.2004
1.5950	1.2008
1.6000	1.2013
1.6050	1.2018
1.6100	1.2022
1.6150	1.2025
1.6200	1.2025
1.6250	1.2026
1.6300	1.2028
1.6350	1.2030
1.6400	1.2029
1.6450	1.2023
1.6500	1.2014
1.6550	1.2002
1.6600	1.1994
1.6650	1.1991
1.6700	1.1995
1.6750	1.2003
1.6800	1.2011
1.6850	1.2023
1.6900	1.2034
1.6950	1.2043
1.7000	1.2055
1.7050	1.2065
1.7100	1.2068
1.7150	1.2062
1.7200	1.2052
1.7250	1.2035
1.7300	1.2014
1.7350	1.1996
1.7400	1.1990
1.7450	1.1990
1.7500	1.1996
1.7550	1.2007
1.7600	1.2021
1.7650	1.2032
1.7700	1.2035
1.7750	1.2038
1.7800	1.2039
1.7850	1.2037
1.7900	1.2034
1.7950	1.2032
1.8000	1.2034
1.8050	1.2037
1.8100	1.2041
1.8150	1.2043
1.8200	1.2040
1.8250	1.2033
1.8300	1.2018
1.8350	1.2005
1.8400	1.2001
1.8450	1.2008
1.8500	1.2016
1.8550	1.2019
1.8600	1.2016
1.8650	1.2011
1.8700	1.2008
1.8750	1.2004
1.8800	1.2004
1.8850	1.2013
1.8900	1.2032
1.8950	1.2056
1.9000	1.2076
1.9050	1.2089
1.9100	1.2094
1.9150	1.2094
1.9200	1.2098
1.9250	1.2101
1.9300	1.2100
1.9350	1.2090
1.9400	1.2071
1.9450	1.2048
1.9500	1.2028
1.9550	1.2016
1.9600	1.2014
1.9650	1.2014
1.9700	1.2015
1.9750	1.2018
1.9800	1.2020
1.9850	1.2022
1.9900	1.2025
1.9950	1.2028
2.0000	1.2032
2.0050	1.2039
2.0100	1.2046
2.0150	1.2050
2.0200	1.2057
2.0250	1.2063
2.0300	1.2068
2.0350	1.2065
2.0400	1.2060
2.0450	1.2055
2.0500	1.2051
2.0550	1.2051
2.0600	1.2056
2.0650	1.2069
2.0700	1.2079
2.0750	1.2081
2.0800	1.2081
2.0850	1.2088
2.0900	1.2101
2.0950	1.2127
2.1000	1.2147
2.1050	1.2154
2.1100	1.2157
2.1150	1.2158
2.1200	1.2156
2.1250	1.2156
2.1300	1.2154
2.1350	1.2152
2.1400	1.2141
2.1450	1.2126
2.1500	1.2113
2.1550	1.2102
2.1600	1.2098
2.1650	1.2103
2.1700	1.2108
2.1750	1.2110
2.1800	1.2112
2.1850	1.2115
2.1900	1.2116
2.1950	1.2110
2.2000	1.2106
2.2050	1.2104
2.2100	1.2099
2.2150	1.2122
2.2200	1.2160
2.2250	1.2173
2.2300	1.2188
2.2350	1.2202
2.2400	1.2214
2.2450	1.2220
2.2500	1.2220
2.2550	1.2220
2.2600	1.2221
2.2650	1.2222
2.2700	1.2223
2.2750	1.2228
2.2800	1.2235
2.2850	1.2242
2.2900	1.2248
2.2950	1.2251
2.3000	1.2251
2.3050	1.2248
2.3100	1.2239
2.3150	1.2223
2.3200	1.2214
2.3250	1.2212
2.3300	1.2210
2.3350	1.2203
2.3400	1.2195
2.3450	1.2180
2.3500	1.2166
2.3550	1.2156
2.3600	1.2143
2.3650	1.2128
2.3700	1.2117
2.3750	1.2104
2.3800	1.2095
2.3850	1.2092
2.3900	1.2090
2.3950	1.2087
2.4000	1.2082
2.4050	1.2083
2.4100	1.2091
2.4150	1.2107
2.4200	1.2119
2.4250	1.2127
2.4300	1.2132
2.4350	1.2137
2.4400	1.2141
2.4450	1.2143
2.4500	1.2142
2.4550	1.2138
2.4600	1.2132
2.4650	1.2126
2.4700	1.2121
2.4750	1.2115
2.4800	1.2111
2.4850	1.2111
2.4900	1.2114
2.4950	1.2115
2.5000	1.2117
2.5050	1.2123
2.5100	1.2139
2.5150	1.2157
2.5200	1.2167
2.5250	1.2171
2.5300	1.2167
2.5350	1.2161
2.5400	1.2152
2.5450	1.2145
2.5500	1.2145
2.5550	1.2147
2.5600	1.2151
2.5650	1.2154
2.5700	1.2155
2.5750	1.2151
2.5800	1.2143
2.5850	1.2135
2.5900	1.2131
2.5950	1.2128
2.6000	1.2123
2.6050	1.2118
2.6100	1.2122
2.6150	1.2134
2.6200	1.2148
2.6250	1.2162
2.6300	1.2172
2.6350	1.2176
2.6400	1.2175
2.6450	1.2174
2.6500	1.2176
2.6550	1.2178
2.6600	1.2179
2.6650	1.2176
2.6700	1.2169
2.6750	1.2162
2.6800	1.2156
2.6850	1.2150
2.6900	1.2147
2.6950	1.2149
2.7000	1.2160
2.7050	1.2174
2.7100	1.2186
2.7150	1.2199
2.7200	1.2207
2.7250	1.2208
2.7300	1.2199
2.7350	1.2185
2.7400	1.2171
2.7450	1.2160
2.7500	1.2154
2.7550	1.2153
2.7600	1.2153
2.7650	1.2153
2.7700	1.2155
2.7750	1.2192
2.7800	1.2227
2.7850	1.2227
2.7900	1.2222
2.7950	1.2215
2.8000	1.2210
2.8050	1.2206
2.8100	1.2202
2.8150	1.2199
2.8200	1.2193
2.8250	1.2189
2.8300	1.2189
2.8350	1.2193
2.8400	1.2199
2.8450	1.2205
2.8500	1.2212
2.8550	1.2215
2.8600	1.2214
2.8650	1.2207
2.8700	1.2198
2.8750	1.2192
2.8800	1.2181
2.8850	1.2171
2.8900	1.2171
2.8950	1.2176
2.9000	1.2186
2.9050	1.2190
2.9100	1.2188
2.9150	1.2185
2.9200	1.2189
2.9250	1.2208
2.9300	1.2238
2.9350	1.2274
2.9400	1.2300
2.9450	1.2310
2.9500	1.2305
2.9550	1.2296
2.9600	1.2283
2.9650	1.2272
2.9700	1.2259
2.9750	1.2248
2.9800	1.2247
2.9850	1.2251
2.9900	1.2257
2.9950	1.2256
3.0000	1.2258
3.0050	1.2264
3.0100	1.2276
3.0150	1.2291
3.0200	1.2306
3.0250	1.2317
3.0300	1.2323
3.0350	1.2324
3.0400	1.2320
3.0450	1.2311
3.0500	1.2300
3.0550	1.2290
3.0600	1.2274
3.0650	1.2257
3.0700	1.2245
3.0750	1.2233
3.0800	1.2227
3.0850	1.2231
3.0900	1.2239
3.0950	1.2247
3.1000	1.2247
3.1050	1.2249
3.1100	1.2255
3.1150	1.2260
3.1200	1.2263
3.1250	1.2265
3.1300	1.2269
3.1350	1.2245
3.1400	1.2211
3.1450	1.2216
3.1500	1.2226
3.1550	1.2237
3.1600	1.2248
3.1650	1.2257
3.1700	1.2268
3.1750	1.2294
3.1800	1.2309
3.1850	1.2312
3.1900	1.2316
3.1950	1.2317
3.2000	1.2317
3.2050	1.2314
3.2100	1.2306
3.2150	1.2297
3.2200	1.2289
3.2250	1.2279
3.2300	1.2271
3.2350	1.2267
3.2400	1.2265
3.2450	1.2266
3.2500	1.2266
3.2550	1.2265
3.2600	1.2267
3.2650	1.2272
3.2700	1.2282
3.2750	1.2293
3.2800	1.2299
3.2850	1.2301
3.2900	1.2296
3.2950	1.2288
3.3000	1.2280
3.3050	1.2275
3.3100	1.2275
3.3150	1.2273
3.3200	1.2270
3.3250	1.2266
3.3300	1.2266
3.3350	1.2270
3.3400	1.2277
3.3450	1.2289
3.3500	1.2299
3.3550	1.2303
3.3600	1.2298
3.3650	1.2280
3.3700	1.2248
3.3750	1.2226
3.3800	1.2231
3.3850	1.2237
3.3900	1.2243
3.3950	1.2248
3.4000	1.2252
3.4050	1.2257
3.4100	1.2261
3.4150	1.2265
3.4200	1.2267
3.4250	1.2265
3.4300	1.2260
3.4350	1.2250
3.4400	1.2242
3.4450	1.2241
3.4500	1.2241
3.4550	1.2241
3.4600	1.2239
3.4650	1.2238
3.4700	1.2239
3.4750	1.2240
3.4800	1.2241
3.4850	1.2243
3.4900	1.2246
3.4950	1.2250
3.5000	1.2254
3.5050	1.2256
3.5100	1.2257
3.5150	1.2257
3.5200	1.2259
3.5250	1.2263
3.5300	1.2268
3.5350	1.2270
3.5400	1.2271
3.5450	1.2271
3.5500	1.2272
3.5550	1.2273
3.5600	1.2273
3.5650	1.2275
3.5700	1.2276
3.5750	1.2275
3.5800	1.2270
3.5850	1.2265
3.5900	1.2262
3.5950	1.2263
3.6000	1.2266
3.6050	1.2268
3.6100	1.2268
3.6150	1.2269
3.6200	1.2270
3.6250	1.2271
3.6300	1.2274
3.6350	1.2279
3.6400	1.2286
3.6450	1.2294
3.6500	1.2301
3.6550	1.2302
3.6600	1.2297
3.6650	1.2291
3.6700	1.2291
3.6750	1.2293
3.6800	1.2295
3.6850	1.2297
3.6900	1.2301
3.6950	1.2307
3.7000	1.2308
3.7050	1.2310
3.7100	1.2310
3.7150	1.2308
3.7200	1.2304
3.7250	1.2300
3.7300	1.2298
3.7350	1.2297
3.7400	1.2298
3.7450	1.2300
3.7500	1.2305
3.7550	1.2312
3.7600	1.2315
3.7650	1.2313
3.7700	1.2310
3.7750	1.2308
3.7800	1.2305
3.7850	1.2303
3.7900	1.2302
3.7950	1.2303
3.8000	1.2305
3.8050	1.2305
3.8100	1.2304
3.8150	1.2305
3.8200	1.2307
3.8250	1.2313
3.8300	1.2317
3.8350	1.2319
3.8400	1.2321
3.8450	1.2322
3.8500	1.2323
3.8550	1.2325
3.8600	1.2327
3.8650	1.2327
3.8700	1.2327
3.8750	1.2329
3.8800	1.2332
3.8850	1.2334
3.8900	1.2335
3.8950	1.2335
3.9000	1.2333
3.9050	1.2331
3.9100	1.2331
3.9150	1.2332
3.9200	1.2335
3.9250	1.2339
3.9300	1.2345
3.9350	1.2349
3.9400	1.2351
3.9450	1.2351
3.9500	1.2348
3.9550	1.2344
3.9600	1.2339
3.9650	1.2336
3.9700	1.2340
3.9750	1.2345
3.9800	1.2348
3.9850	1.2347
3.9900	1.2347
3.9950	1.2348
4.0000	1.2349
4.0050	1.2350
4.0100	1.2353
4.0150	1.2357
4.0200	1.2360
4.0250	1.2362
4.0300	1.2364
4.0350	1.2366
4.0400	1.2365
4.0450	1.2363
4.0500	1.2359
4.0550	1.2355
4.0600	1.2353
4.0650	1.2354
4.0700	1.2356
4.0750	1.2357
4.0800	1.2357
4.0850	1.2357
4.0900	1.2357
4.0950	1.2359
4.1000	1.2360
4.1050	1.2360
4.1100	1.2360
4.1150	1.2363
4.1200	1.2372
4.1250	1.2380
4.1300	1.2385
4.1350	1.2387
4.1400	1.2384
4.1450	1.2381
4.1500	1.2378
4.1550	1.2377
4.1600	1.2376
4.1650	1.2377
4.1700	1.2379
4.1750	1.2382
4.1800	1.2386
4.1850	1.2389
4.1900	1.2391
4.1950	1.2393
4.2000	1.2395
4.2050	1.2398
4.2100	1.2402
4.2150	1.2402
4.2200	1.2400
4.2250	1.2398
4.2300	1.2396
4.2350	1.2396
4.2400	1.2395
4.2450	1.2394
4.2500	1.2394
4.2550	1.2393
4.2600	1.2391
4.2650	1.2388
4.2700	1.2384
4.2750	1.2380
4.2800	1.2375
4.2850	1.2375
4.2900	1.2384
4.2950	1.2395
4.3000	1.2411
4.3050	1.2427
4.3100	1.2440
4.3150	1.2446
4.3200	1.2446
4.3250	1.2441
4.3300	1.2438
4.3350	1.2438
4.3400	1.2439
4.3450	1.2438
4.3500	1.2435
4.3550	1.2431
4.3600	1.2429
4.3650	1.2427
4.3700	1.2424
4.3750	1.2424
4.3800	1.2425
4.3850	1.2426
4.3900	1.2422
4.3950	1.2418
4.4000	1.2417
4.4050	1.2420
4.4100	1.2424
4.4150	1.2427
4.4200	1.2426
4.4250	1.2426
4.4300	1.2427
4.4350	1.2435
4.4400	1.2445
4.4450	1.2453
4.4500	1.2453
4.4550	1.2452
4.4600	1.2449
4.4650	1.2450
4.4700	1.2453
4.4750	1.2455
4.4800	1.2454
4.4850	1.2452
4.4900	1.2450
4.4950	1.2450
4.5000	1.2448
4.5050	1.2447
4.5100	1.2448
4.5150	1.2452
4.5200	1.2456
4.5250	1.2457
4.5300	1.2457
4.5350	1.2457
4.5400	1.2458
4.5450	1.2458
4.5500	1.2458
4.5550	1.2456
4.5600	1.2451
4.5650	1.2446
4.5700	1.2447
4.5750	1.2451
4.5800	1.2456
4.5850	1.2457
4.5900	1.2457
4.5950	1.2455
4.6000	1.2455
4.6050	1.2459
4.6100	1.2461
4.6150	1.2460
4.6200	1.2456
4.6250	1.2453
4.6300	1.2453
4.6350	1.2459
4.6400	1.2470
4.6450	1.2482
4.6500	1.2486
4.6550	1.2489
4.6600	1.2489
4.6650	1.2488
4.6700	1.2487
4.6750	1.2488
4.6800	1.2486
4.6850	1.2484
4.6900	1.2482
4.6950	1.2482
4.7000	1.2482
4.7050	1.2481
4.7100	1.2477
4.7150	1.2473
4.7200	1.2471
4.7250	1.2473
4.7300	1.2475
4.7350	1.2477
4.7400	1.2477
4.7450	1.2475
4.7500	1.2470
4.7550	1.2465
4.7600	1.2461
4.7650	1.2463
4.7700	1.2470
4.7750	1.2477
4.7800	1.2482
4.7850	1.2483
4.7900	1.2482
4.7950	1.2481
4.8000	1.2478
4.8050	1.2476
4.8100	1.2477
4.8150	1.2479
4.8200	1.2487
4.8250	1.2496
4.8300	1.2504
4.8350	1.2507
4.8400	1.2511
4.8450	1.2514
4.8500	1.2513
4.8550	1.2510
4.8600	1.2505
4.8650	1.2499
4.8700	1.2495
4.8750	1.2494
4.8800	1.2498
4.8850	1.2503
4.8900	1.2508
4.8950	1.2510
4.9000	1.2512
4.9050	1.2515
4.9100	1.2520
4.9150	1.2524
4.9200	1.2525
4.9250	1.2523
4.9300	1.2520
4.9350	1.2522
4.9400	1.2526
4.9450	1.2530
4.9500	1.2532
4.9550	1.2532
4.9600	1.2528
4.9650	1.2523
4.9700	1.2521
4.9750	1.2519
4.9800	1.2516
4.9850	1.2514
4.9900	1.2516
4.9950	1.2519
5.0000	1.2519
5.0050	1.2519
5.0100	1.2518
5.0150	1.2519
5.0200	1.2524
5.0250	1.2529
5.0300	1.2532
5.0350	1.2531
5.0400	1.2532
5.0450	1.2533
5.0500	1.2536
5.0550	1.2536
5.0600	1.2534
5.0650	1.2532
5.0700	1.2527
5.0750	1.2523
5.0800	1.2522
5.0850	1.2524
5.0900	1.2527
5.0950	1.2528
5.1000	1.2526
5.1050	1.2525
5.1100	1.2525
5.1150	1.2528
5.1200	1.2535
5.1250	1.2545
5.1300	1.2558
5.1350	1.2565
5.1400	1.2566
5.1450	1.2565
5.1500	1.2559
5.1550	1.2553
5.1600	1.2550
5.1650	1.2549
5.1700	1.2550
5.1750	1.2551
5.1800	1.2555
5.1850	1.2560
5.1900	1.2563
5.1950	1.2565
5.2000	1.2567
5.2050	1.2570
5.2100	1.2571
5.2150	1.2569
5.2200	1.2565
5.2250	1.2563
5.2300	1.2562
5.2350	1.2563
5.2400	1.2567
5.2450	1.2571
5.2500	1.2573
5.2550	1.2575
5.2600	1.2576
5.2650	1.2580
5.2700	1.2584
5.2750	1.2589
5.2800	1.2595
5.2850	1.2597
5.2900	1.2602
5.2950	1.2607
5.3000	1.2609
5.3050	1.2608
5.3100	1.2604
5.3150	1.2599
5.3200	1.2592
5.3250	1.2586
5.3300	1.2584
5.3350	1.2583
5.3400	1.2583
5.3450	1.2583
5.3500	1.2582
5.3550	1.2583
5.3600	1.2585
5.3650	1.2589
5.3700	1.2593
5.3750	1.2596
5.3800	1.2596
5.3850	1.2594
5.3900	1.2593
5.3950	1.2589
5.4000	1.2587
5.4050	1.2587
5.4100	1.2592
5.4150	1.2595
5.4200	1.2596
5.4250	1.2597
5.4300	1.2603
5.4350	1.2612
5.4400	1.2616
5.4450	1.2615
5.4500	1.2611
5.4550	1.2611
5.4600	1.2614
5.4650	1.2617
5.4700	1.2618
5.4750	1.2619
5.4800	1.2620
5.4850	1.2621
5.4900	1.2624
5.4950	1.2626
5.5000	1.2626
5.5050	1.2622
5.5100	1.2615
5.5150	1.2607
5.5200	1.2601
5.5250	1.2600
5.5300	1.2603
5.5350	1.2608
5.5400	1.2614
5.5450	1.2619
5.5500	1.2621
5.5550	1.2625
5.5600	1.2631
5.5650	1.2633
5.5700	1.2637
5.5750	1.2641
5.5800	1.2645
5.5850	1.2653
5.5900	1.2658
5.5950	1.2659
5.6000	1.2654
5.6050	1.2647
5.6100	1.2641
5.6150	1.2638
5.6200	1.2638
5.6250	1.2639
5.6300	1.2646
5.6350	1.2649
5.6400	1.2649
5.6450	1.2648
5.6500	1.2646
5.6550	1.2647
5.6600	1.2648
5.6650	1.2651
5.6700	1.2654
5.6750	1.2660
5.6800	1.2665
5.6850	1.2667
5.6900	1.2667
5.6950	1.2668
5.7000	1.2669
5.7050	1.2670
5.7100	1.2672
5.7150	1.2670
5.7200	1.2665
5.7250	1.2656
5.7300	1.2649
5.7350	1.2647
5.7400	1.2647
5.7450	1.2650
5.7500	1.2654
5.7550	1.2660
5.7600	1.2663
5.7650	1.2661
5.7700	1.2657
5.7750	1.2654
5.7800	1.2654
5.7850	1.2657
5.7900	1.2660
5.7950	1.2663
5.8000	1.2664
5.8050	1.2662
5.8100	1.2658
5.8150	1.2659
5.8200	1.2660
5.8250	1.2660
5.8300	1.2659
5.8350	1.2657
5.8400	1.2656
5.8450	1.2657
5.8500	1.2665
5.8550	1.2676
5.8600	1.2685
5.8650	1.2691
5.8700	1.2690
5.8750	1.2684
5.8800	1.2681
5.8850	1.2682
5.8900	1.2686
5.8950	1.2688
5.9000	1.2692
5.9050	1.2697
5.9100	1.2701
5.9150	1.2706
5.9200	1.2710
5.9250	1.2710
5.9300	1.2709
5.9350	1.2706
5.9400	1.2706
5.9450	1.2709
5.9500	1.2713
5.9550	1.2716
5.9600	1.2716
5.9650	1.2717
5.9700	1.2717
5.9750	1.2717
5.9800	1.2716
5.9850	1.2715
5.9900	1.2715
5.9950	1.2717
6.0000	1.2719
6.0050	1.2719
6.0100	1.2714
6.0150	1.2708
6.0200	1.2705
6.0250	1.2705
6.0300	1.2706
6.0350	1.2707
6.0400	1.2708
6.0450	1.2708
6.0500	1.2709
6.0550	1.2709
6.0600	1.2708
6.0650	1.2708
6.0700	1.2712
6.0750	1.2720
6.0800	1.2728
6.0850	1.2732
6.0900	1.2733
6.0950	1.2730
6.1000	1.2728
6.1050	1.2721
6.1100	1.2714
6.1150	1.2707
6.1200	1.2706
6.1250	1.2713
6.1300	1.2717
6.1350	1.2717
6.1400	1.2713
6.1450	1.2711
6.1500	1.2710
6.1550	1.2713
6.1600	1.2723
6.1650	1.2734
6.1700	1.2742
6.1750	1.2744
6.1800	1.2743
6.1850	1.2743
6.1900	1.2746
6.1950	1.2751
6.2000	1.2755
6.2050	1.2759
6.2100	1.2765
6.2150	1.2769
6.2200	1.2768
6.2250	1.2759
6.2300	1.2747
6.2350	1.2737
6.2400	1.2737
6.2450	1.2737
6.2500	1.2736
6.2550	1.2736
6.2600	1.2737
6.2650	1.2737
6.2700	1.2734
6.2750	1.2735
6.2800	1.2739
6.2850	1.2743
6.2900	1.2744
6.2950	1.2745
6.3000	1.2748
6.3050	1.2752
6.3100	1.2755
6.3150	1.2755
6.3200	1.2758
6.3250	1.2760
6.3300	1.2762
6.3350	1.2763
6.3400	1.2763
6.3450	1.2761
6.3500	1.2759
6.3550	1.2758
6.3600	1.2759
6.3650	1.2759
6.3700	1.2762
6.3750	1.2766
6.3800	1.2769
6.3850	1.2770
6.3900	1.2768
6.3950	1.2766
6.4000	1.2767
6.4050	1.2768
6.4100	1.2767
6.4150	1.2765
6.4200	1.2764
6.4250	1.2764
6.4300	1.2763
6.4350	1.2764
6.4400	1.2767
6.4450	1.2769
6.4500	1.2773
6.4550	1.2777
6.4600	1.2779
6.4650	1.2781
6.4700	1.2783
6.4750	1.2782
6.4800	1.2776
6.4850	1.2771
6.4900	1.2768
6.4950	1.2769
6.5000	1.2771
6.5050	1.2771
6.5100	1.2772
6.5150	1.2775
6.5200	1.2778
6.5250	1.2779
6.5300	1.2779
6.5350	1.2780
6.5400	1.2783
6.5450	1.2787
6.5500	1.2792
6.5550	1.2796
6.5600	1.2800
6.5650	1.2805
6.5700	1.2813
6.5750	1.2823
6.5800	1.2833
6.5850	1.2838
6.5900	1.2841
6.5950	1.2843
6.6000	1.2843
6.6050	1.2841
6.6100	1.2835
6.6150	1.2827
6.6200	1.2822
6.6250	1.2817
6.6300	1.2816
6.6350	1.2818
6.6400	1.2822
6.6450	1.2826
6.6500	1.2826
6.6550	1.2824
6.6600	1.2822
6.6650	1.2820
6.6700	1.2815
6.6750	1.2810
6.6800	1.2810
6.6850	1.2810
6.6900	1.2811
6.6950	1.2811
6.7000	1.2816
6.7050	1.2825
6.7100	1.2834
6.7150	1.2843
6.7200	1.2845
6.7250	1.2844
6.7300	1.2841
6.7350	1.2838
6.7400	1.2834
6.7450	1.2833
6.7500	1.2830
6.7550	1.2827
6.7600	1.2829
6.7650	1.2831
6.7700	1.2833
6.7750	1.2833
6.7800	1.2831
6.7850	1.2825
6.7900	1.2819
6.7950	1.2814
6.8000	1.2812
6.8050	1.2814
6.8100	1.2822
6.8150	1.2832
6.8200	1.2837
6.8250	1.2838
6.8300	1.2838
6.8350	1.2839
6.8400	1.2845
6.8450	1.2849
6.8500	1.2849
6.8550	1.2846
6.8600	1.2846
6.8650	1.2849
6.8700	1.2853
6.8750	1.2859
6.8800	1.2864
6.8850	1.2867
6.8900	1.2867
6.8950	1.2865
6.9000	1.2861
6.9050	1.2853
6.9100	1.2848
6.9150	1.2848
6.9200	1.2858
6.9250	1.2871
6.9300	1.2882
6.9350	1.2881
6.9400	1.2876
6.9450	1.2867
6.9500	1.2861
6.9550	1.2853
6.9600	1.2846
6.9650	1.2842
6.9700	1.2841
6.9750	1.2847
6.9800	1.2864
6.9850	1.2848
6.9900	1.2832
6.9950	1.2845
7.0000	1.2854
7.0050	1.2861
7.0100	1.2870
7.0150	1.2872
7.0200	1.2877
7.0250	1.2882
7.0300	1.2867
7.0350	1.2856
7.0400	1.2857
7.0450	1.2871
7.0500	1.2870
7.0550	1.2859
7.0600	1.2877
7.0650	1.2893
7.0700	1.2905
7.0750	1.2918
7.0800	1.2902
7.0850	1.2876
7.0900	1.2854
7.0950	1.2862
7.1000	1.2881
7.1050	1.2883
7.1100	1.2880
7.1150	1.2879
7.1200	1.2881
7.1250	1.2901
7.1300	1.2915
7.1350	1.2913
7.1400	1.2879
7.1450	1.2849
7.1500	1.2841
7.1550	1.2862
7.1600	1.2869
7.1650	1.2862
7.1700	1.2893
7.1750	1.2906
7.1800	1.2906
7.1850	1.2919
7.1900	1.2917
7.1950	1.2907
7.2000	1.2898
7.2050	1.2893
7.2100	-10000.0000
7.2150	-10000.0000
7.2200	-10000.0000
7.2250	-10000.0000
7.2300	-10000.0000
7.2350	-10000.0000
7.2400	-10000.0000
7.2450	-10000.0000
7.2500	-10000.0000
7.2550	-10000.0000
7.2600	-10000.0000
7.2650	-10000.0000
7.2700	-10000.0000
7.2750	-10000.0000
7.2800	-10000.0000
7.2850	-10000.0000
7.2900	-10000.0000
7.2950	-10000.0000
7.3000	-10000.0000
7.3050	-10000.0000
7.3100	-10000.0000
7.3150	-10000.0000
7.3200	-10000.0000
7.3250	-10000.0000
7.3300	-10000.0000
7.3350	-10000.0000
7.3400	-10000.0000
7.3450	-10000.0000
7.3500	-10000.0000
7.3550	-10000.0000
7.3600	-10000.0000
7.3650	-10000.0000
7.3700	-10000.0000
7.3750	-10000.0000
7.3800	-10000.0000
7.3850	-10000.0000
7.3900	-10000.0000
7.3950	-10000.0000
7.4000	-10000.0000
7.4050	-10000.0000
7.4100	-10000.0000
7.4150	-10000.0000
7.4200	-10000.0000
7.4250	-10000.0000
7.4300	-10000.0000
7.4350	-10000.0000
7.4400	-10000.0000
7.4450	-10000.0000
7.4500	-10000.0000
7.4550	-10000.0000
7.4600	-10000.0000
7.4650	-10000.0000
7.4700	-10000.0000
7.4750	-10000.0000
7.4800	-10000.0000
7.4850	-10000.0000
7.4900	-10000.0000
7.4950	-10000.0000
7.5000	-10000.0000
7.5050	-10000.0000
7.5100	-10000.0000
7.5150	-10000.0000
7.5200	-10000.0000
7.5250	-10000.0000
7.5300	-10000.0000
7.5350	-10000.0000
7.5400	-10000.0000
7.5450	-10000.0000
7.5500	-10000.0000
7.5550	-10000.0000
7.5600	-10000.0000
7.5650	-10000.0000
7.5700	-10000.0000
7.5750	-10000.0000
7.5800	-10000.0000
7.5850	-10000.0000
7.5900	-10000.0000
7.5950	-10000.0000
7.6000	-10000.0000
7.6050	-10000.0000
7.6100	-10000.0000
7.6150	-10000.0000
7.6200	-10000.0000
7.6250	-10000.0000
7.6300	-10000.0000
7.6350	-10000.0000
7.6400	-10000.0000
7.6450	-10000.0000
7.6500	-10000.0000
7.6550	-10000.0000
7.6600	-10000.0000
7.6650	-10000.0000
7.6700	-10000.0000
7.6750	-10000.0000
7.6800	-10000.0000
7.6850	-10000.0000
7.6900	-10000.0000
7.6950	-10000.0000
7.7000	-10000.0000
7.7050	-10000.0000
7.7100	-10000.0000
7.7150	-10000.0000
7.7200	-10000.0000
7.7250	-10000.0000
7.7300	-10000.0000
7.7350	-10000.0000
7.7400	-10000.0000
7.7450	-10000.0000
7.7500	-10000.0000
7.7550	-10000.0000
7.7600	-10000.0000
7.7650	-10000.0000
7.7700	-10000.0000
7.7750	-10000.0000
7.7800	-10000.0000
7.7850	-10000.0000
7.7900	-10000.0000
7.7950  -10000.0000
7.8000	-10000.0000
7.8050	-10000.0000
7.8100	-10000.0000
7.8150	-10000.0000
7.8200	-10000.0000
7.8250	-10000.0000
7.8300	-10000.0000
7.8350	-10000.0000
7.8400	-10000.0000
7.8450	-10000.0000
7.8500	-10000.0000
7.8550	-10000.0000
7.8600	-10000.0000
7.8650	-10000.0000
7.8700	-10000.0000
7.8750	-10000.0000
7.8800	-10000.0000
7.8850	-10000.0000
7.8900	-10000.0000
7.8950	-10000.0000
7.9000	-10000.0000
7.9050	-10000.0000
7.9100	-10000.0000
7.9150	-10000.0000
7.9200	-10000.0000
7.9250	-10000.0000
7.9300	-10000.0000
7.9350	-10000.0000
7.9400	-10000.0000
7.9450	-10000.0000
7.9500	-10000.0000
7.9550	-10000.0000
7.9600	-10000.0000
7.9650	-10000.0000
7.9700	-10000.0000
7.9750	-10000.0000
7.9800	-10000.0000
7.9850	-10000.0000
7.9900	-10000.0000
7.9950	-10000.0000
