-8.0000	-10000.0000
-7.9950	-10000.0000
-7.9900	-10000.0000
-7.9850	-10000.0000
-7.9800	-10000.0000
-7.9750	-10000.0000
-7.9700	-10000.0000
-7.9650	-10000.0000
-7.9600	-10000.0000
-7.9550	-10000.0000
-7.9500	-10000.0000
-7.9450	-10000.0000
-7.9400	-10000.0000
-7.9350	-10000.0000
-7.9300	-10000.0000
-7.9250	-10000.0000
-7.9200	-10000.0000
-7.9150	-10000.0000
-7.9100	-10000.0000
-7.9050	-10000.0000
-7.9000	-10000.0000
-7.8950	-10000.0000
-7.8900	-10000.0000
-7.8850	-10000.0000
-7.8800	-10000.0000
-7.8750	-10000.0000
-7.8700	-10000.0000
-7.8650	-10000.0000
-7.8600	-10000.0000
-7.8550	-10000.0000
-7.8500	-10000.0000
-7.8450	-10000.0000
-7.8400	-10000.0000
-7.8350	-10000.0000
-7.8300	-10000.0000
-7.8250	-10000.0000
-7.8200	-10000.0000
-7.8150	-10000.0000
-7.8100	-10000.0000
-7.8050	-10000.0000
-7.8000	-10000.0000
-7.7950	-10000.0000
-7.7900	-10000.0000
-7.7850	-10000.0000
-7.7800	-10000.0000
-7.7750	-10000.0000
-7.7700	-10000.0000
-7.7650	-10000.0000
-7.7600	-10000.0000
-7.7550	-10000.0000
-7.7500	-0.9209
-7.7450	-0.9217
-7.7400	-0.9243
-7.7350	-0.9207
-7.7300	-0.9165
-7.7250	-0.9172
-7.7200	-0.9179
-7.7150	-0.9165
-7.7100	-0.9164
-7.7050	-0.9167
-7.7000	-0.9150
-7.6950	-0.9136
-7.6900	-0.9134
-7.6850	-0.9129
-7.6800	-0.9125
-7.6750	-0.9175
-7.6700	-0.9180
-7.6650	-0.9153
-7.6600	-0.9124
-7.6550	-0.9102
-7.6500	-0.9101
-7.6450	-0.9107
-7.6400	-0.9122
-7.6350	-0.9095
-7.6300	-0.9064
-7.6250	-0.9039
-7.6200	-0.9024
-7.6150	-0.9026
-7.6100	-0.9050
-7.6050	-0.9073
-7.6000	-0.9049
-7.5950	-0.9021
-7.5900	-0.9002
-7.5850	-0.8975
-7.5800	-0.8953
-7.5750	-0.8923
-7.5700	-0.8900
-7.5650	-0.9196
-7.5600	-0.9330
-7.5550	-0.9308
-7.5500	-0.9304
-7.5450	-0.9303
-7.5400	-0.9291
-7.5350	-0.9290
-7.5300	-0.9296
-7.5250	-0.9298
-7.5200	-0.9299
-7.5150	-0.9302
-7.5100	-0.9302
-7.5050	-0.9297
-7.5000	-0.9288
-7.4950	-0.9280
-7.4900	-0.9279
-7.4850	-0.9282
-7.4800	-0.9286
-7.4750	-0.9288
-7.4700	-0.9285
-7.4650	-0.9280
-7.4600	-0.9272
-7.4550	-0.9263
-7.4500	-0.9254
-7.4450	-0.9237
-7.4400	-0.9222
-7.4350	-0.9192
-7.4300	-0.9167
-7.4250	-0.9156
-7.4200	-0.9165
-7.4150	-0.9188
-7.4100	-0.9394
-7.4050	-0.9268
-7.4000	-0.9142
-7.3950	-0.9016
-7.3900	-0.8951
-7.3850	-0.8953
-7.3800	-0.8965
-7.3750	-0.8988
-7.3700	-0.9021
-7.3650	-0.9051
-7.3600	-0.9063
-7.3550	-0.9058
-7.3500	-0.9044
-7.3450	-0.9181
-7.3400	-0.9281
-7.3350	-0.9230
-7.3300	-0.9213
-7.3250	-0.9273
-7.3200	-0.9407
-7.3150	-0.9376
-7.3100	-0.9351
-7.3050	-0.9350
-7.3000	-0.9332
-7.2950	-0.9316
-7.2900	-0.9316
-7.2850	-0.9322
-7.2800	-0.9331
-7.2750	-0.9331
-7.2700	-0.9326
-7.2650	-0.9314
-7.2600	-0.9296
-7.2550	-0.9280
-7.2500	-0.9250
-7.2450	-0.9225
-7.2400	-0.9182
-7.2350	-0.9142
-7.2300	-0.9131
-7.2250	-0.9119
-7.2200	-0.9113
-7.2150	-0.9103
-7.2100	-0.9093
-7.2050	-0.9077
-7.2000	-0.9062
-7.1950	-0.9051
-7.1900	-0.9196
-7.1850	-0.9396
-7.1800	-0.9439
-7.1750	-0.9429
-7.1700	-0.9425
-7.1650	-0.9418
-7.1600	-0.9411
-7.1550	-0.9413
-7.1500	-0.9415
-7.1450	-0.9412
-7.1400	-0.9738
-7.1350	-0.9756
-7.1300	-0.9761
-7.1250	-0.9760
-7.1200	-0.9752
-7.1150	-0.9746
-7.1100	-0.9744
-7.1050	-0.9650
-7.1000	-0.9555
-7.0950	-0.9463
-7.0900	-0.9472
-7.0850	-0.9477
-7.0800	-0.9477
-7.0750	-0.9471
-7.0700	-0.9463
-7.0650	-0.9453
-7.0600	-0.9428
-7.0550	-0.9402
-7.0500	-0.9356
-7.0450	-0.9318
-7.0400	-0.9282
-7.0350	-0.9255
-7.0300	-0.9247
-7.0250	-0.9239
-7.0200	-0.9236
-7.0150	-0.9236
-7.0100	-0.9242
-7.0050	-0.9250
-7.0000	-0.9259
-6.9950	-0.9265
-6.9900	-0.9287
-6.9850	-0.9354
-6.9800	-0.9447
-6.9750	-0.9477
-6.9700	-0.9489
-6.9650	-0.9490
-6.9600	-0.9487
-6.9550	-0.9483
-6.9500	-0.9479
-6.9450	-0.9474
-6.9400	-0.9464
-6.9350	-0.9454
-6.9300	-0.9444
-6.9250	-0.9437
-6.9200	-0.9437
-6.9150	-0.9432
-6.9100	-0.9426
-6.9050	-0.9412
-6.9000	-0.9396
-6.8950	-0.9384
-6.8900	-0.9365
-6.8850	-0.9348
-6.8800	-0.9328
-6.8750	-0.9312
-6.8700	-0.9291
-6.8650	-0.9267
-6.8600	-0.9241
-6.8550	-0.9212
-6.8500	-0.9195
-6.8450	-0.9178
-6.8400	-0.9167
-6.8350	-0.9157
-6.8300	-0.9151
-6.8250	-0.9155
-6.8200	-0.9167
-6.8150	-0.9186
-6.8100	-0.9208
-6.8050	-0.9237
-6.8000	-0.9275
-6.7950	-0.9330
-6.7900	-0.9369
-6.7850	-0.9395
-6.7800	-0.9409
-6.7750	-0.9421
-6.7700	-0.9432
-6.7650	-0.9443
-6.7600	-0.9451
-6.7550	-0.9454
-6.7500	-0.9451
-6.7450	-0.9444
-6.7400	-0.9435
-6.7350	-0.9433
-6.7300	-0.9434
-6.7250	-0.9437
-6.7200	-0.9439
-6.7150	-0.9440
-6.7100	-0.9441
-6.7050	-0.9442
-6.7000	-0.9443
-6.6950	-0.9441
-6.6900	-0.9436
-6.6850	-0.9427
-6.6800	-0.9416
-6.6750	-0.9407
-6.6700	-0.9396
-6.6650	-0.9387
-6.6600	-0.9377
-6.6550	-0.9373
-6.6500	-0.9377
-6.6450	-0.9387
-6.6400	-0.9397
-6.6350	-0.9397
-6.6300	-0.9397
-6.6250	-0.9398
-6.6200	-0.9423
-6.6150	-0.9449
-6.6100	-0.9468
-6.6050	-0.9475
-6.6000	-0.9481
-6.5950	-0.9489
-6.5900	-0.9490
-6.5850	-0.9488
-6.5800	-0.9481
-6.5750	-0.9472
-6.5700	-0.9463
-6.5650	-0.9455
-6.5600	-0.9448
-6.5550	-0.9443
-6.5500	-0.9436
-6.5450	-0.9433
-6.5400	-0.9432
-6.5350	-0.9435
-6.5300	-0.9444
-6.5250	-0.9464
-6.5200	-0.9488
-6.5150	-0.9503
-6.5100	-0.9512
-6.5050	-0.9513
-6.5000	-0.9503
-6.4950	-0.9491
-6.4900	-0.9481
-6.4850	-0.9476
-6.4800	-0.9481
-6.4750	-0.9491
-6.4700	-0.9498
-6.4650	-0.9498
-6.4600	-0.9491
-6.4550	-0.9487
-6.4500	-0.9502
-6.4450	-0.9520
-6.4400	-0.9536
-6.4350	-0.9540
-6.4300	-0.9548
-6.4250	-0.9558
-6.4200	-0.9490
-6.4150	-0.9421
-6.4100	-0.9395
-6.4050	-0.9385
-6.4000	-0.9378
-6.3950	-0.9366
-6.3900	-0.9351
-6.3850	-0.9352
-6.3800	-0.9356
-6.3750	-0.9356
-6.3700	-0.9348
-6.3650	-0.9338
-6.3600	-0.9327
-6.3550	-0.9317
-6.3500	-0.9314
-6.3450	-0.9319
-6.3400	-0.9328
-6.3350	-0.9365
-6.3300	-0.9364
-6.3250	-0.9340
-6.3200	-0.9313
-6.3150	-0.9337
-6.3100	-0.9510
-6.3050	-0.9528
-6.3000	-0.9544
-6.2950	-0.9552
-6.2900	-0.9549
-6.2850	-0.9545
-6.2800	-0.9542
-6.2750	-0.9544
-6.2700	-0.9544
-6.2650	-0.9539
-6.2600	-0.9530
-6.2550	-0.9523
-6.2500	-0.9519
-6.2450	-0.9515
-6.2400	-0.9512
-6.2350	-0.9512
-6.2300	-0.9515
-6.2250	-0.9524
-6.2200	-0.9534
-6.2150	-0.9542
-6.2100	-0.9557
-6.2050	-0.9581
-6.2000	-0.9607
-6.1950	-0.9601
-6.1900	-0.9585
-6.1850	-0.9572
-6.1800	-0.9553
-6.1750	-0.9534
-6.1700	-0.9525
-6.1650	-0.9525
-6.1600	-0.9522
-6.1550	-0.9517
-6.1500	-0.9512
-6.1450	-0.9520
-6.1400	-0.9534
-6.1350	-0.9539
-6.1300	-0.9540
-6.1250	-0.9539
-6.1200	-0.9535
-6.1150	-0.9531
-6.1100	-0.9531
-6.1050	-0.9532
-6.1000	-0.9534
-6.0950	-0.9534
-6.0900	-0.9537
-6.0850	-0.9542
-6.0800	-0.9560
-6.0750	-0.9581
-6.0700	-0.9598
-6.0650	-0.9623
-6.0600	-0.9665
-6.0550	-0.9720
-6.0500	-0.9768
-6.0450	-0.9772
-6.0400	-0.9756
-6.0350	-0.9773
-6.0300	-0.9784
-6.0250	-0.9773
-6.0200	-0.9754
-6.0150	-0.9734
-6.0100	-0.9691
-6.0050	-0.9653
-6.0000	-0.9630
-5.9950	-0.9617
-5.9900	-0.9610
-5.9850	-0.9599
-5.9800	-0.9589
-5.9750	-0.9577
-5.9700	-0.9565
-5.9650	-0.9554
-5.9600	-0.9540
-5.9550	-0.9527
-5.9500	-0.9510
-5.9450	-0.9495
-5.9400	-0.9489
-5.9350	-0.9483
-5.9300	-0.9481
-5.9250	-0.9479
-5.9200	-0.9478
-5.9150	-0.9478
-5.9100	-0.9476
-5.9050	-0.9472
-5.9000	-0.9461
-5.8950	-0.9449
-5.8900	-0.9441
-5.8850	-0.9435
-5.8800	-0.9432
-5.8750	-0.9431
-5.8700	-0.9431
-5.8650	-0.9430
-5.8600	-0.9430
-5.8550	-0.9436
-5.8500	-0.9449
-5.8450	-0.9464
-5.8400	-0.9476
-5.8350	-0.9486
-5.8300	-0.9510
-5.8250	-0.9546
-5.8200	-0.9581
-5.8150	-0.9612
-5.8100	-0.9638
-5.8050	-0.9656
-5.8000	-0.9667
-5.7950	-0.9669
-5.7900	-0.9674
-5.7850	-0.9686
-5.7800	-0.9723
-5.7750	-0.9778
-5.7700	-0.9821
-5.7650	-0.9841
-5.7600	-0.9850
-5.7550	-0.9855
-5.7500	-0.9859
-5.7450	-0.9854
-5.7400	-0.9846
-5.7350	-0.9727
-5.7300	-0.9611
-5.7250	-0.9550
-5.7200	-0.9599
-5.7150	-0.9595
-5.7100	-0.9583
-5.7050	-0.9567
-5.7000	-0.9552
-5.6950	-0.9543
-5.6900	-0.9527
-5.6850	-0.9683
-5.6800	-0.9812
-5.6750	-0.9764
-5.6700	-0.9716
-5.6650	-0.9686
-5.6600	-0.9662
-5.6550	-0.9645
-5.6500	-0.9640
-5.6450	-0.9639
-5.6400	-0.9640
-5.6350	-0.9637
-5.6300	-0.9630
-5.6250	-0.9617
-5.6200	-0.9604
-5.6150	-0.9597
-5.6100	-0.9587
-5.6050	-0.9579
-5.6000	-0.9573
-5.5950	-0.9595
-5.5900	-0.9640
-5.5850	-0.9680
-5.5800	-0.9708
-5.5750	-0.9718
-5.5700	-0.9716
-5.5650	-0.9714
-5.5600	-0.9714
-5.5550	-0.9721
-5.5500	-0.9725
-5.5450	-0.9723
-5.5400	-0.9715
-5.5350	-0.9708
-5.5300	-0.9701
-5.5250	-0.9698
-5.5200	-0.9700
-5.5150	-0.9711
-5.5100	-0.9726
-5.5050	-0.9738
-5.5000	-0.9751
-5.4950	-0.9759
-5.4900	-0.9773
-5.4850	-0.9784
-5.4800	-0.9790
-5.4750	-0.9786
-5.4700	-0.9776
-5.4650	-0.9762
-5.4600	-0.9756
-5.4550	-0.9763
-5.4500	-0.9677
-5.4450	-0.9589
-5.4400	-0.9686
-5.4350	-0.9779
-5.4300	-0.9777
-5.4250	-0.9774
-5.4200	-0.9768
-5.4150	-0.9763
-5.4100	-0.9762
-5.4050	-0.9768
-5.4000	-0.9776
-5.3950	-0.9789
-5.3900	-0.9801
-5.3850	-0.9829
-5.3800	-0.9855
-5.3750	-0.9868
-5.3700	-0.9866
-5.3650	-0.9857
-5.3600	-0.9845
-5.3550	-0.9833
-5.3500	-0.9825
-5.3450	-0.9824
-5.3400	-0.9824
-5.3350	-0.9821
-5.3300	-0.9815
-5.3250	-0.9810
-5.3200	-0.9804
-5.3150	-0.9822
-5.3100	-0.9863
-5.3050	-0.9878
-5.3000	-0.9882
-5.2950	-0.9883
-5.2900	-0.9882
-5.2850	-0.9866
-5.2800	-0.9815
-5.2750	-0.9760
-5.2700	-0.9747
-5.2650	-0.9732
-5.2600	-0.9723
-5.2550	-0.9712
-5.2500	-0.9701
-5.2450	-0.9693
-5.2400	-0.9680
-5.2350	-0.9667
-5.2300	-0.9653
-5.2250	-0.9644
-5.2200	-0.9640
-5.2150	-0.9644
-5.2100	-0.9653
-5.2050	-0.9684
-5.2000	-0.9721
-5.1950	-0.9752
-5.1900	-0.9775
-5.1850	-0.9792
-5.1800	-0.9799
-5.1750	-0.9802
-5.1700	-0.9802
-5.1650	-0.9801
-5.1600	-0.9798
-5.1550	-0.9795
-5.1500	-0.9788
-5.1450	-0.9780
-5.1400	-0.9779
-5.1350	-0.9781
-5.1300	-0.9788
-5.1250	-0.9791
-5.1200	-0.9793
-5.1150	-0.9798
-5.1100	-0.9809
-5.1050	-0.9821
-5.1000	-0.9825
-5.0950	-0.9829
-5.0900	-0.9830
-5.0850	-0.9831
-5.0800	-0.9831
-5.0750	-0.9831
-5.0700	-0.9828
-5.0650	-0.9823
-5.0600	-0.9804
-5.0550	-0.9780
-5.0500	-0.9758
-5.0450	-0.9733
-5.0400	-0.9717
-5.0350	-0.9698
-5.0300	-0.9681
-5.0250	-0.9671
-5.0200	-0.9661
-5.0150	-0.9656
-5.0100	-0.9676
-5.0050	-0.9714
-5.0000	-0.9748
-4.9950	-0.9775
-4.9900	-0.9788
-4.9850	-0.9791
-4.9800	-0.9796
-4.9750	-0.9801
-4.9700	-0.9809
-4.9650	-0.9817
-4.9600	-0.9824
-4.9550	-0.9827
-4.9500	-0.9826
-4.9450	-0.9825
-4.9400	-0.9823
-4.9350	-0.9823
-4.9300	-0.9821
-4.9250	-0.9821
-4.9200	-0.9823
-4.9150	-0.9838
-4.9100	-0.9863
-4.9050	-0.9893
-4.9000	-0.9921
-4.8950	-0.9937
-4.8900	-0.9928
-4.8850	-0.9909
-4.8800	-0.9889
-4.8750	-0.9872
-4.8700	-0.9863
-4.8650	-0.9863
-4.8600	-0.9867
-4.8550	-0.9871
-4.8500	-0.9873
-4.8450	-0.9872
-4.8400	-0.9869
-4.8350	-0.9864
-4.8300	-0.9861
-4.8250	-0.9858
-4.8200	-0.9857
-4.8150	-0.9857
-4.8100	-0.9860
-4.8050	-0.9865
-4.8000	-0.9880
-4.7950	-0.9898
-4.7900	-0.9911
-4.7850	-0.9929
-4.7800	-0.9947
-4.7750	-0.9955
-4.7700	-0.9958
-4.7650	-0.9957
-4.7600	-0.9950
-4.7550	-0.9940
-4.7500	-0.9932
-4.7450	-0.9923
-4.7400	-0.9916
-4.7350	-0.9904
-4.7300	-0.9889
-4.7250	-0.9874
-4.7200	-0.9848
-4.7150	-0.9823
-4.7100	-0.9802
-4.7050	-0.9788
-4.7000	-0.9790
-4.6950	-0.9802
-4.6900	-0.9815
-4.6850	-0.9833
-4.6800	-0.9847
-4.6750	-0.9855
-4.6700	-0.9859
-4.6650	-0.9863
-4.6600	-0.9868
-4.6550	-0.9881
-4.6500	-0.9895
-4.6450	-0.9918
-4.6400	-0.9934
-4.6350	-0.9936
-4.6300	-0.9935
-4.6250	-0.9925
-4.6200	-0.9894
-4.6150	-0.9935
-4.6100	-1.0069
-4.6050	-1.0079
-4.6000	-1.0045
-4.5950	-0.9992
-4.5900	-0.9952
-4.5850	-0.9917
-4.5800	-0.9851
-4.5750	-0.9786
-4.5700	-0.9765
-4.5650	-0.9758
-4.5600	-0.9752
-4.5550	-0.9818
-4.5500	-0.9891
-4.5450	-0.9896
-4.5400	-0.9914
-4.5350	-0.9933
-4.5300	-0.9945
-4.5250	-0.9954
-4.5200	-0.9959
-4.5150	-0.9962
-4.5100	-0.9967
-4.5050	-0.9972
-4.5000	-0.9967
-4.4950	-0.9959
-4.4900	-0.9956
-4.4850	-0.9951
-4.4800	-0.9948
-4.4750	-0.9939
-4.4700	-0.9931
-4.4650	-0.9932
-4.4600	-0.9937
-4.4550	-0.9945
-4.4500	-0.9960
-4.4450	-0.9978
-4.4400	-0.9991
-4.4350	-1.0007
-4.4300	-1.0023
-4.4250	-1.0039
-4.4200	-1.0056
-4.4150	-1.0071
-4.4100	-1.0084
-4.4050	-1.0091
-4.4000	-1.0088
-4.3950	-1.0037
-4.3900	-0.9988
-4.3850	-0.9962
-4.3800	-0.9946
-4.3750	-0.9938
-4.3700	-0.9937
-4.3650	-0.9940
-4.3600	-0.9960
-4.3550	-0.9982
-4.3500	-1.0000
-4.3450	-1.0024
-4.3400	-1.0046
-4.3350	-1.0060
-4.3300	-1.0070
-4.3250	-1.0074
-4.3200	-1.0075
-4.3150	-1.0074
-4.3100	-1.0071
-4.3050	-1.0057
-4.3000	-1.0041
-4.2950	-1.0027
-4.2900	-1.0008
-4.2850	-0.9992
-4.2800	-0.9966
-4.2750	-0.9940
-4.2700	-0.9923
-4.2650	-0.9924
-4.2600	-0.9940
-4.2550	-0.9965
-4.2500	-0.9991
-4.2450	-1.0004
-4.2400	-1.0007
-4.2350	-1.0003
-4.2300	-0.9985
-4.2250	-0.9966
-4.2200	-0.9953
-4.2150	-0.9953
-4.2100	-0.9963
-4.2050	-0.9984
-4.2000	-1.0003
-4.1950	-1.0014
-4.1900	-1.0027
-4.1850	-1.0042
-4.1800	-1.0061
-4.1750	-1.0079
-4.1700	-1.0091
-4.1650	-1.0094
-4.1600	-1.0097
-4.1550	-1.0100
-4.1500	-1.0103
-4.1450	-1.0108
-4.1400	-1.0118
-4.1350	-1.0131
-4.1300	-1.0140
-4.1250	-1.0139
-4.1200	-1.0137
-4.1150	-1.0139
-4.1100	-1.0148
-4.1050	-1.0161
-4.1000	-1.0168
-4.0950	-1.0172
-4.0900	-1.0172
-4.0850	-1.0168
-4.0800	-1.0165
-4.0750	-1.0165
-4.0700	-1.0165
-4.0650	-1.0165
-4.0600	-1.0165
-4.0550	-1.0167
-4.0500	-1.0170
-4.0450	-1.0175
-4.0400	-1.0178
-4.0350	-1.0176
-4.0300	-1.0169
-4.0250	-1.0159
-4.0200	-1.0147
-4.0150	-1.0136
-4.0100	-1.0128
-4.0050	-1.0115
-4.0000	-1.0101
-3.9950	-1.0081
-3.9900	-1.0064
-3.9850	-1.0055
-3.9800	-1.0055
-3.9750	-1.0061
-3.9700	-1.0070
-3.9650	-1.0080
-3.9600	-1.0089
-3.9550	-1.0119
-3.9500	-1.0151
-3.9450	-1.0184
-3.9400	-1.0194
-3.9350	-1.0180
-3.9300	-1.0173
-3.9250	-1.0170
-3.9200	-1.0171
-3.9150	-1.0175
-3.9100	-1.0180
-3.9050	-1.0185
-3.9000	-1.0188
-3.8950	-1.0186
-3.8900	-1.0183
-3.8850	-1.0181
-3.8800	-1.0182
-3.8750	-1.0183
-3.8700	-1.0183
-3.8650	-1.0181
-3.8600	-1.0177
-3.8550	-1.0168
-3.8500	-1.0154
-3.8450	-1.0142
-3.8400	-1.0135
-3.8350	-1.0135
-3.8300	-1.0139
-3.8250	-1.0148
-3.8200	-1.0157
-3.8150	-1.0181
-3.8100	-1.0209
-3.8050	-1.0231
-3.8000	-1.0249
-3.7950	-1.0257
-3.7900	-1.0251
-3.7850	-1.0240
-3.7800	-1.0227
-3.7750	-1.0214
-3.7700	-1.0206
-3.7650	-1.0204
-3.7600	-1.0199
-3.7550	-1.0193
-3.7500	-1.0175
-3.7450	-1.0150
-3.7400	-1.0127
-3.7350	-1.0102
-3.7300	-1.0087
-3.7250	-1.0082
-3.7200	-1.0089
-3.7150	-1.0098
-3.7100	-1.0104
-3.7050	-1.0101
-3.7000	-1.0078
-3.6950	-1.0058
-3.6900	-1.0066
-3.6850	-1.0103
-3.6800	-1.0165
-3.6750	-1.0170
-3.6700	-1.0161
-3.6650	-1.0159
-3.6600	-1.0159
-3.6550	-1.0161
-3.6500	-1.0166
-3.6450	-1.0171
-3.6400	-1.0173
-3.6350	-1.0167
-3.6300	-1.0160
-3.6250	-1.0153
-3.6200	-1.0149
-3.6150	-1.0150
-3.6100	-1.0158
-3.6050	-1.0166
-3.6000	-1.0173
-3.5950	-1.0183
-3.5900	-1.0192
-3.5850	-1.0208
-3.5800	-1.0225
-3.5750	-1.0239
-3.5700	-1.0253
-3.5650	-1.0268
-3.5600	-1.0282
-3.5550	-1.0302
-3.5500	-1.0322
-3.5450	-1.0333
-3.5400	-1.0342
-3.5350	-1.0346
-3.5300	-1.0343
-3.5250	-1.0335
-3.5200	-1.0324
-3.5150	-1.0309
-3.5100	-1.0296
-3.5050	-1.0283
-3.5000	-1.0273
-3.4950	-1.0271
-3.4900	-1.0270
-3.4850	-1.0270
-3.4800	-1.0266
-3.4750	-1.0261
-3.4700	-1.0254
-3.4650	-1.0254
-3.4600	-1.0261
-3.4550	-1.0269
-3.4500	-1.0278
-3.4450	-1.0291
-3.4400	-1.0302
-3.4350	-1.0309
-3.4300	-1.0316
-3.4250	-1.0324
-3.4200	-1.0329
-3.4150	-1.0325
-3.4100	-1.0318
-3.4050	-1.0314
-3.4000	-1.0308
-3.3950	-1.0305
-3.3900	-1.0298
-3.3850	-1.0291
-3.3800	-1.0288
-3.3750	-1.0286
-3.3700	-1.0287
-3.3650	-1.0290
-3.3600	-1.0292
-3.3550	-1.0292
-3.3500	-1.0299
-3.3450	-1.0307
-3.3400	-1.0354
-3.3350	-1.0403
-3.3300	-1.0434
-3.3250	-1.0442
-3.3200	-1.0435
-3.3150	-1.0422
-3.3100	-1.0405
-3.3050	-1.0390
-3.3000	-1.0381
-3.2950	-1.0373
-3.2900	-1.0364
-3.2850	-1.0353
-3.2800	-1.0346
-3.2750	-1.0344
-3.2700	-1.0342
-3.2650	-1.0341
-3.2600	-1.0339
-3.2550	-1.0337
-3.2500	-1.0342
-3.2450	-1.0355
-3.2400	-1.0371
-3.2350	-1.0410
-3.2300	-1.0451
-3.2250	-1.0451
-3.2200	-1.0439
-3.2150	-1.0424
-3.2100	-1.0424
-3.2050	-1.0426
-3.2000	-1.0421
-3.1950	-1.0410
-3.1900	-1.0399
-3.1850	-1.0391
-3.1800	-1.0386
-3.1750	-1.0383
-3.1700	-1.0380
-3.1650	-1.0376
-3.1600	-1.0371
-3.1550	-1.0366
-3.1500	-1.0363
-3.1450	-1.0359
-3.1400	-1.0356
-3.1350	-1.0353
-3.1300	-1.0352
-3.1250	-1.0351
-3.1200	-1.0342
-3.1150	-1.0329
-3.1100	-1.0323
-3.1050	-1.0322
-3.1000	-1.0326
-3.0950	-1.0332
-3.0900	-1.0338
-3.0850	-1.0338
-3.0800	-1.0339
-3.0750	-1.0342
-3.0700	-1.0351
-3.0650	-1.0364
-3.0600	-1.0379
-3.0550	-1.0407
-3.0500	-1.0436
-3.0450	-1.0443
-3.0400	-1.0443
-3.0350	-1.0432
-3.0300	-1.0426
-3.0250	-1.0425
-3.0200	-1.0424
-3.0150	-1.0423
-3.0100	-1.0423
-3.0050	-1.0427
-3.0000	-1.0434
-2.9950	-1.0443
-2.9900	-1.0453
-2.9850	-1.0460
-2.9800	-1.0454
-2.9750	-1.0446
-2.9700	-1.0439
-2.9650	-1.0434
-2.9600	-1.0433
-2.9550	-1.0435
-2.9500	-1.0444
-2.9450	-1.0458
-2.9400	-1.0477
-2.9350	-1.0486
-2.9300	-1.0459
-2.9250	-1.0438
-2.9200	-1.0435
-2.9150	-1.0459
-2.9100	-1.0485
-2.9050	-1.0493
-2.9000	-1.0522
-2.8950	-1.0554
-2.8900	-1.0574
-2.8850	-1.0569
-2.8800	-1.0543
-2.8750	-1.0508
-2.8700	-1.0479
-2.8650	-1.0460
-2.8600	-1.0448
-2.8550	-1.0442
-2.8500	-1.0435
-2.8450	-1.0431
-2.8400	-1.0423
-2.8350	-1.0415
-2.8300	-1.0409
-2.8250	-1.0406
-2.8200	-1.0406
-2.8150	-1.0410
-2.8100	-1.0414
-2.8050	-1.0415
-2.8000	-1.0420
-2.7950	-1.0426
-2.7900	-1.0432
-2.7850	-1.0441
-2.7800	-1.0450
-2.7750	-1.0462
-2.7700	-1.0474
-2.7650	-1.0480
-2.7600	-1.0484
-2.7550	-1.0486
-2.7500	-1.0484
-2.7450	-1.0476
-2.7400	-1.0467
-2.7350	-1.0460
-2.7300	-1.0456
-2.7250	-1.0463
-2.7200	-1.0472
-2.7150	-1.0477
-2.7100	-1.0485
-2.7050	-1.0492
-2.7000	-1.0499
-2.6950	-1.0508
-2.6900	-1.0516
-2.6850	-1.0522
-2.6800	-1.0526
-2.6750	-1.0530
-2.6700	-1.0537
-2.6650	-1.0544
-2.6600	-1.0556
-2.6550	-1.0567
-2.6500	-1.0570
-2.6450	-1.0566
-2.6400	-1.0556
-2.6350	-1.0548
-2.6300	-1.0542
-2.6250	-1.0541
-2.6200	-1.0541
-2.6150	-1.0542
-2.6100	-1.0544
-2.6050	-1.0546
-2.6000	-1.0547
-2.5950	-1.0551
-2.5900	-1.0556
-2.5850	-1.0560
-2.5800	-1.0560
-2.5750	-1.0557
-2.5700	-1.0557
-2.5650	-1.0558
-2.5600	-1.0556
-2.5550	-1.0549
-2.5500	-1.0541
-2.5450	-1.0531
-2.5400	-1.0523
-2.5350	-1.0523
-2.5300	-1.0525
-2.5250	-1.0527
-2.5200	-1.0533
-2.5150	-1.0540
-2.5100	-1.0547
-2.5050	-1.0558
-2.5000	-1.0572
-2.4950	-1.0587
-2.4900	-1.0604
-2.4850	-1.0616
-2.4800	-1.0626
-2.4750	-1.0634
-2.4700	-1.0635
-2.4650	-1.0632
-2.4600	-1.0627
-2.4550	-1.0617
-2.4500	-1.0605
-2.4450	-1.0590
-2.4400	-1.0575
-2.4350	-1.0565
-2.4300	-1.0565
-2.4250	-1.0570
-2.4200	-1.0575
-2.4150	-1.0578
-2.4100	-1.0579
-2.4050	-1.0577
-2.4000	-1.0575
-2.3950	-1.0576
-2.3900	-1.0581
-2.3850	-1.0591
-2.3800	-1.0599
-2.3750	-1.0610
-2.3700	-1.0618
-2.3650	-1.0626
-2.3600	-1.0632
-2.3550	-1.0632
-2.3500	-1.0632
-2.3450	-1.0634
-2.3400	-1.0640
-2.3350	-1.0647
-2.3300	-1.0654
-2.3250	-1.0655
-2.3200	-1.0653
-2.3150	-1.0640
-2.3100	-1.0627
-2.3050	-1.0620
-2.3000	-1.0616
-2.2950	-1.0616
-2.2900	-1.0615
-2.2850	-1.0612
-2.2800	-1.0609
-2.2750	-1.0601
-2.2700	-1.0595
-2.2650	-1.0603
-2.2600	-1.0604
-2.2550	-1.0591
-2.2500	-1.0583
-2.2450	-1.0582
-2.2400	-1.0583
-2.2350	-1.0585
-2.2300	-1.0588
-2.2250	-1.0595
-2.2200	-1.0605
-2.2150	-1.0617
-2.2100	-1.0630
-2.2050	-1.0639
-2.2000	-1.0643
-2.1950	-1.0642
-2.1900	-1.0632
-2.1850	-1.0617
-2.1800	-1.0602
-2.1750	-1.0587
-2.1700	-1.0575
-2.1650	-1.0573
-2.1600	-1.0574
-2.1550	-1.0579
-2.1500	-1.0588
-2.1450	-1.0602
-2.1400	-1.0618
-2.1350	-1.0647
-2.1300	-1.0678
-2.1250	-1.0690
-2.1200	-1.0698
-2.1150	-1.0697
-2.1100	-1.0689
-2.1050	-1.0679
-2.1000	-1.0671
-2.0950	-1.0663
-2.0900	-1.0661
-2.0850	-1.0661
-2.0800	-1.0663
-2.0750	-1.0665
-2.0700	-1.0670
-2.0650	-1.0675
-2.0600	-1.0672
-2.0550	-1.0667
-2.0500	-1.0661
-2.0450	-1.0653
-2.0400	-1.0649
-2.0350	-1.0650
-2.0300	-1.0656
-2.0250	-1.0664
-2.0200	-1.0671
-2.0150	-1.0674
-2.0100	-1.0676
-2.0050	-1.0677
-2.0000	-1.0677
-1.9950	-1.0682
-1.9900	-1.0692
-1.9850	-1.0707
-1.9800	-1.0717
-1.9750	-1.0716
-1.9700	-1.0714
-1.9650	-1.0713
-1.9600	-1.0713
-1.9550	-1.0713
-1.9500	-1.0713
-1.9450	-1.0712
-1.9400	-1.0712
-1.9350	-1.0714
-1.9300	-1.0712
-1.9250	-1.0709
-1.9200	-1.0697
-1.9150	-1.0685
-1.9100	-1.0680
-1.9050	-1.0677
-1.9000	-1.0678
-1.8950	-1.0677
-1.8900	-1.0676
-1.8850	-1.0676
-1.8800	-1.0680
-1.8750	-1.0684
-1.8700	-1.0691
-1.8650	-1.0696
-1.8600	-1.0698
-1.8550	-1.0700
-1.8500	-1.0701
-1.8450	-1.0700
-1.8400	-1.0701
-1.8350	-1.0703
-1.8300	-1.0712
-1.8250	-1.0721
-1.8200	-1.0727
-1.8150	-1.0734
-1.8100	-1.0739
-1.8050	-1.0738
-1.8000	-1.0735
-1.7950	-1.0734
-1.7900	-1.0734
-1.7850	-1.0734
-1.7800	-1.0733
-1.7750	-1.0734
-1.7700	-1.0740
-1.7650	-1.0756
-1.7600	-1.0772
-1.7550	-1.0775
-1.7500	-1.0766
-1.7450	-1.0751
-1.7400	-1.0734
-1.7350	-1.0722
-1.7300	-1.0715
-1.7250	-1.0713
-1.7200	-1.0715
-1.7150	-1.0720
-1.7100	-1.0725
-1.7050	-1.0726
-1.7000	-1.0728
-1.6950	-1.0729
-1.6900	-1.0738
-1.6850	-1.0751
-1.6800	-1.0765
-1.6750	-1.0777
-1.6700	-1.0780
-1.6650	-1.0780
-1.6600	-1.0781
-1.6550	-1.0784
-1.6500	-1.0788
-1.6450	-1.0791
-1.6400	-1.0789
-1.6350	-1.0780
-1.6300	-1.0762
-1.6250	-1.0747
-1.6200	-1.0740
-1.6150	-1.0763
-1.6100	-1.0790
-1.6050	-1.0803
-1.6000	-1.0818
-1.5950	-1.0829
-1.5900	-1.0833
-1.5850	-1.0837
-1.5800	-1.0837
-1.5750	-1.0834
-1.5700	-1.0830
-1.5650	-1.0829
-1.5600	-1.0826
-1.5550	-1.0822
-1.5500	-1.0816
-1.5450	-1.0811
-1.5400	-1.0806
-1.5350	-1.0801
-1.5300	-1.0797
-1.5250	-1.0796
-1.5200	-1.0797
-1.5150	-1.0801
-1.5100	-1.0805
-1.5050	-1.0807
-1.5000	-1.0810
-1.4950	-1.0814
-1.4900	-1.0819
-1.4850	-1.0825
-1.4800	-1.0828
-1.4750	-1.0838
-1.4700	-1.0851
-1.4650	-1.0861
-1.4600	-1.0878
-1.4550	-1.0896
-1.4500	-1.0900
-1.4450	-1.0901
-1.4400	-1.0895
-1.4350	-1.0887
-1.4300	-1.0879
-1.4250	-1.0875
-1.4200	-1.0871
-1.4150	-1.0870
-1.4100	-1.0880
-1.4050	-1.0894
-1.4000	-1.0905
-1.3950	-1.0914
-1.3900	-1.0917
-1.3850	-1.0915
-1.3800	-1.0913
-1.3750	-1.0915
-1.3700	-1.0918
-1.3650	-1.0921
-1.3600	-1.0924
-1.3550	-1.0922
-1.3500	-1.0915
-1.3450	-1.0902
-1.3400	-1.0890
-1.3350	-1.0876
-1.3300	-1.0866
-1.3250	-1.0862
-1.3200	-1.0861
-1.3150	-1.0863
-1.3100	-1.0869
-1.3050	-1.0877
-1.3000	-1.0883
-1.2950	-1.0883
-1.2900	-1.0875
-1.2850	-1.0865
-1.2800	-1.0854
-1.2750	-1.0849
-1.2700	-1.0844
-1.2650	-1.0842
-1.2600	-1.0842
-1.2550	-1.0846
-1.2500	-1.0854
-1.2450	-1.0865
-1.2400	-1.0877
-1.2350	-1.0882
-1.2300	-1.0888
-1.2250	-1.0889
-1.2200	-1.0891
-1.2150	-1.0894
-1.2100	-1.0901
-1.2050	-1.0912
-1.2000	-1.0921
-1.1950	-1.0927
-1.1900	-1.0931
-1.1850	-1.0930
-1.1800	-1.0927
-1.1750	-1.0925
-1.1700	-1.0925
-1.1650	-1.0928
-1.1600	-1.0934
-1.1550	-1.0946
-1.1500	-1.0959
-1.1450	-1.0966
-1.1400	-1.0973
-1.1350	-1.0975
-1.1300	-1.0980
-1.1250	-1.0988
-1.1200	-1.0992
-1.1150	-1.0995
-1.1100	-1.0995
-1.1050	-1.0994
-1.1000	-1.0993
-1.0950	-1.0992
-1.0900	-1.0985
-1.0850	-1.0974
-1.0800	-1.0961
-1.0750	-1.0949
-1.0700	-1.0946
-1.0650	-1.0946
-1.0600	-1.0951
-1.0550	-1.0957
-1.0500	-1.0961
-1.0450	-1.0961
-1.0400	-1.0947
-1.0350	-1.0929
-1.0300	-1.0920
-1.0250	-1.0913
-1.0200	-1.0904
-1.0150	-1.0895
-1.0100	-1.0888
-1.0050	-1.0887
-1.0000	-1.0900
-0.9950	-1.0922
-0.9900	-1.0940
-0.9850	-1.0952
-0.9800	-1.0961
-0.9750	-1.0973
-0.9700	-1.0981
-0.9650	-1.0989
-0.9600	-1.0996
-0.9550	-1.0999
-0.9500	-1.1004
-0.9450	-1.1009
-0.9400	-1.1012
-0.9350	-1.1014
-0.9300	-1.1015
-0.9250	-1.1013
-0.9200	-1.1010
-0.9150	-1.1005
-0.9100	-1.1002
-0.9050	-1.1005
-0.9000	-1.1011
-0.8950	-1.1016
-0.8900	-1.1018
-0.8850	-1.1018
-0.8800	-1.1018
-0.8750	-1.1019
-0.8700	-1.1020
-0.8650	-1.1021
-0.8600	-1.1017
-0.8550	-1.1007
-0.8500	-1.1000
-0.8450	-1.0998
-0.8400	-1.0993
-0.8350	-1.0991
-0.8300	-1.0994
-0.8250	-1.0997
-0.8200	-1.1002
-0.8150	-1.1010
-0.8100	-1.1025
-0.8050	-1.1042
-0.8000	-1.1062
-0.7950	-1.1078
-0.7900	-1.1079
-0.7850	-1.1079
-0.7800	-1.1078
-0.7750	-1.1083
-0.7700	-1.1088
-0.7650	-1.1090
-0.7600	-1.1092
-0.7550	-1.1092
-0.7500	-1.1092
-0.7450	-1.1092
-0.7400	-1.1092
-0.7350	-1.1090
-0.7300	-1.1088
-0.7250	-1.1085
-0.7200	-1.1084
-0.7150	-1.1087
-0.7100	-1.1088
-0.7050	-1.1086
-0.7000	-1.1078
-0.6950	-1.1073
-0.6900	-1.1073
-0.6850	-1.1073
-0.6800	-1.1073
-0.6750	-1.1063
-0.6700	-1.1049
-0.6650	-1.1035
-0.6600	-1.1016
-0.6550	-1.0998
-0.6500	-1.0995
-0.6450	-1.1000
-0.6400	-1.1016
-0.6350	-1.1038
-0.6300	-1.1056
-0.6250	-1.1059
-0.6200	-1.1062
-0.6150	-1.1062
-0.6100	-1.1069
-0.6050	-1.1076
-0.6000	-1.1084
-0.5950	-1.1091
-0.5900	-1.1094
-0.5850	-1.1083
-0.5800	-1.1068
-0.5750	-1.1055
-0.5700	-1.1042
-0.5650	-1.1033
-0.5600	-1.1030
-0.5550	-1.1031
-0.5500	-1.1041
-0.5450	-1.1053
-0.5400	-1.1062
-0.5350	-1.1074
-0.5300	-1.1085
-0.5250	-1.1091
-0.5200	-1.1091
-0.5150	-1.1087
-0.5100	-1.1076
-0.5050	-1.1072
-0.5000	-1.1076
-0.4950	-1.1089
-0.4900	-1.1108
-0.4850	-1.1126
-0.4800	-1.1147
-0.4750	-1.1161
-0.4700	-1.1171
-0.4650	-1.1170
-0.4600	-1.1157
-0.4550	-1.1138
-0.4500	-1.1119
-0.4450	-1.1102
-0.4400	-1.1089
-0.4350	-1.1082
-0.4300	-1.1074
-0.4250	-1.1069
-0.4200	-1.1064
-0.4150	-1.1060
-0.4100	-1.1060
-0.4050	-1.1073
-0.4000	-1.1090
-0.3950	-1.1122
-0.3900	-1.1153
-0.3850	-1.1170
-0.3800	-1.1180
-0.3750	-1.1183
-0.3700	-1.1178
-0.3650	-1.1175
-0.3600	-1.1176
-0.3550	-1.1181
-0.3500	-1.1188
-0.3450	-1.1188
-0.3400	-1.1185
-0.3350	-1.1180
-0.3300	-1.1176
-0.3250	-1.1174
-0.3200	-1.1175
-0.3150	-1.1177
-0.3100	-1.1180
-0.3050	-1.1181
-0.3000	-1.1179
-0.2950	-1.1179
-0.2900	-1.1185
-0.2850	-1.1194
-0.2800	-1.1208
-0.2750	-1.1220
-0.2700	-1.1222
-0.2650	-1.1219
-0.2600	-1.1211
-0.2550	-1.1192
-0.2500	-1.1160
-0.2450	-1.1104
-0.2400	-1.1075
-0.2350	-1.1073
-0.2300	-1.1072
-0.2250	-1.1070
-0.2200	-1.1069
-0.2150	-1.1063
-0.2100	-1.1056
-0.2050	-1.1070
-0.2000	-1.1087
-0.1950	-1.1097
-0.1900	-1.1113
-0.1850	-1.1133
-0.1800	-1.1155
-0.1750	-1.1185
-0.1700	-1.1210
-0.1650	-1.1231
-0.1600	-1.1242
-0.1550	-1.1239
-0.1500	-1.1229
-0.1450	-1.1216
-0.1400	-1.1204
-0.1350	-1.1194
-0.1300	-1.1194
-0.1250	-1.1194
-0.1200	-1.1194
-0.1150	-1.1199
-0.1100	-1.1207
-0.1050	-1.1220
-0.1000	-1.1235
-0.0950	-1.1245
-0.0900	-1.1249
-0.0850	-1.1249
-0.0800	-1.1248
-0.0750	-1.1246
-0.0700	-1.1245
-0.0650	-1.1240
-0.0600	-1.1236
-0.0550	-1.1235
-0.0500	-1.1238
-0.0450	-1.1242
-0.0400	-1.1250
-0.0350	-1.1255
-0.0300	-1.1256
-0.0250	-1.1258
-0.0200	-1.1262
-0.0150	-1.1272
-0.0100	-1.1289
-0.0050	-1.1306
0.0000	-1.1323
0.0050	-1.1340
0.0100	-1.1367
0.0150	-1.1384
0.0200	-1.1379
0.0250	-1.1381
0.0300	-1.1377
0.0350	-1.1337
0.0400	-1.1308
0.0450	-1.1310
0.0500	-1.1316
0.0550	-1.1321
0.0600	-1.1324
0.0650	-1.1320
0.0700	-1.1313
0.0750	-1.1303
0.0800	-1.1295
0.0850	-1.1294
0.0900	-1.1298
0.0950	-1.1303
0.1000	-1.1314
0.1050	-1.1323
0.1100	-1.1325
0.1150	-1.1324
0.1200	-1.1322
0.1250	-1.1316
0.1300	-1.1309
0.1350	-1.1303
0.1400	-1.1299
0.1450	-1.1301
0.1500	-1.1311
0.1550	-1.1324
0.1600	-1.1335
0.1650	-1.1337
0.1700	-1.1332
0.1750	-1.1330
0.1800	-1.1331
0.1850	-1.1338
0.1900	-1.1343
0.1950	-1.1348
0.2000	-1.1349
0.2050	-1.1348
0.2100	-1.1346
0.2150	-1.1342
0.2200	-1.1338
0.2250	-1.1334
0.2300	-1.1328
0.2350	-1.1322
0.2400	-1.1323
0.2450	-1.1329
0.2500	-1.1338
0.2550	-1.1346
0.2600	-1.1350
0.2650	-1.1346
0.2700	-1.1337
0.2750	-1.1326
0.2800	-1.1313
0.2850	-1.1303
0.2900	-1.1297
0.2950	-1.1293
0.3000	-1.1293
0.3050	-1.1298
0.3100	-1.1307
0.3150	-1.1316
0.3200	-1.1325
0.3250	-1.1331
0.3300	-1.1336
0.3350	-1.1340
0.3400	-1.1344
0.3450	-1.1352
0.3500	-1.1361
0.3550	-1.1376
0.3600	-1.1392
0.3650	-1.1405
0.3700	-1.1413
0.3750	-1.1414
0.3800	-1.1406
0.3850	-1.1396
0.3900	-1.1390
0.3950	-1.1385
0.4000	-1.1384
0.4050	-1.1381
0.4100	-1.1378
0.4150	-1.1376
0.4200	-1.1372
0.4250	-1.1369
0.4300	-1.1371
0.4350	-1.1377
0.4400	-1.1385
0.4450	-1.1390
0.4500	-1.1389
0.4550	-1.1382
0.4600	-1.1374
0.4650	-1.1368
0.4700	-1.1367
0.4750	-1.1370
0.4800	-1.1375
0.4850	-1.1379
0.4900	-1.1380
0.4950	-1.1382
0.5000	-1.1384
0.5050	-1.1388
0.5100	-1.1393
0.5150	-1.1396
0.5200	-1.1404
0.5250	-1.1414
0.5300	-1.1427
0.5350	-1.1438
0.5400	-1.1444
0.5450	-1.1440
0.5500	-1.1434
0.5550	-1.1430
0.5600	-1.1426
0.5650	-1.1424
0.5700	-1.1424
0.5750	-1.1426
0.5800	-1.1426
0.5850	-1.1429
0.5900	-1.1431
0.5950	-1.1428
0.6000	-1.1427
0.6050	-1.1428
0.6100	-1.1439
0.6150	-1.1450
0.6200	-1.1452
0.6250	-1.1453
0.6300	-1.1453
0.6350	-1.1443
0.6400	-1.1432
0.6450	-1.1431
0.6500	-1.1433
0.6550	-1.1436
0.6600	-1.1443
0.6650	-1.1451
0.6700	-1.1457
0.6750	-1.1465
0.6800	-1.1471
0.6850	-1.1472
0.6900	-1.1471
0.6950	-1.1469
0.7000	-1.1465
0.7050	-1.1463
0.7100	-1.1460
0.7150	-1.1457
0.7200	-1.1456
0.7250	-1.1452
0.7300	-1.1447
0.7350	-1.1445
0.7400	-1.1443
0.7450	-1.1443
0.7500	-1.1450
0.7550	-1.1460
0.7600	-1.1470
0.7650	-1.1484
0.7700	-1.1496
0.7750	-1.1503
0.7800	-1.1507
0.7850	-1.1505
0.7900	-1.1497
0.7950	-1.1485
0.8000	-1.1470
0.8050	-1.1455
0.8100	-1.1442
0.8150	-1.1427
0.8200	-1.1417
0.8250	-1.1413
0.8300	-1.1420
0.8350	-1.1437
0.8400	-1.1466
0.8450	-1.1494
0.8500	-1.1525
0.8550	-1.1546
0.8600	-1.1551
0.8650	-1.1549
0.8700	-1.1542
0.8750	-1.1537
0.8800	-1.1533
0.8850	-1.1532
0.8900	-1.1525
0.8950	-1.1517
0.9000	-1.1517
0.9050	-1.1518
0.9100	-1.1521
0.9150	-1.1525
0.9200	-1.1529
0.9250	-1.1535
0.9300	-1.1546
0.9350	-1.1558
0.9400	-1.1565
0.9450	-1.1572
0.9500	-1.1577
0.9550	-1.1589
0.9600	-1.1602
0.9650	-1.1588
0.9700	-1.1568
0.9750	-1.1554
0.9800	-1.1540
0.9850	-1.1531
0.9900	-1.1529
0.9950	-1.1527
1.0000	-1.1527
1.0050	-1.1532
1.0100	-1.1539
1.0150	-1.1544
1.0200	-1.1549
1.0250	-1.1551
1.0300	-1.1546
1.0350	-1.1537
1.0400	-1.1524
1.0450	-1.1510
1.0500	-1.1501
1.0550	-1.1497
1.0600	-1.1496
1.0650	-1.1495
1.0700	-1.1497
1.0750	-1.1501
1.0800	-1.1510
1.0850	-1.1518
1.0900	-1.1524
1.0950	-1.1530
1.1000	-1.1534
1.1050	-1.1534
1.1100	-1.1535
1.1150	-1.1536
1.1200	-1.1540
1.1250	-1.1548
1.1300	-1.1558
1.1350	-1.1571
1.1400	-1.1581
1.1450	-1.1589
1.1500	-1.1592
1.1550	-1.1595
1.1600	-1.1601
1.1650	-1.1609
1.1700	-1.1614
1.1750	-1.1618
1.1800	-1.1618
1.1850	-1.1620
1.1900	-1.1623
1.1950	-1.1636
1.2000	-1.1653
1.2050	-1.1671
1.2100	-1.1686
1.2150	-1.1694
1.2200	-1.1690
1.2250	-1.1679
1.2300	-1.1664
1.2350	-1.1647
1.2400	-1.1634
1.2450	-1.1620
1.2500	-1.1609
1.2550	-1.1602
1.2600	-1.1598
1.2650	-1.1601
1.2700	-1.1609
1.2750	-1.1619
1.2800	-1.1627
1.2850	-1.1628
1.2900	-1.1626
1.2950	-1.1625
1.3000	-1.1624
1.3050	-1.1624
1.3100	-1.1627
1.3150	-1.1631
1.3200	-1.1636
1.3250	-1.1637
1.3300	-1.1634
1.3350	-1.1633
1.3400	-1.1634
1.3450	-1.1636
1.3500	-1.1635
1.3550	-1.1632
1.3600	-1.1627
1.3650	-1.1624
1.3700	-1.1624
1.3750	-1.1629
1.3800	-1.1635
1.3850	-1.1635
1.3900	-1.1633
1.3950	-1.1629
1.4000	-1.1626
1.4050	-1.1623
1.4100	-1.1622
1.4150	-1.1626
1.4200	-1.1633
1.4250	-1.1647
1.4300	-1.1662
1.4350	-1.1672
1.4400	-1.1680
1.4450	-1.1683
1.4500	-1.1683
1.4550	-1.1682
1.4600	-1.1682
1.4650	-1.1664
1.4700	-1.1642
1.4750	-1.1648
1.4800	-1.1654
1.4850	-1.1657
1.4900	-1.1661
1.4950	-1.1665
1.5000	-1.1668
1.5050	-1.1675
1.5100	-1.1682
1.5150	-1.1686
1.5200	-1.1688
1.5250	-1.1690
1.5300	-1.1696
1.5350	-1.1705
1.5400	-1.1717
1.5450	-1.1729
1.5500	-1.1737
1.5550	-1.1746
1.5600	-1.1753
1.5650	-1.1757
1.5700	-1.1758
1.5750	-1.1756
1.5800	-1.1751
1.5850	-1.1746
1.5900	-1.1747
1.5950	-1.1751
1.6000	-1.1754
1.6050	-1.1753
1.6100	-1.1748
1.6150	-1.1743
1.6200	-1.1739
1.6250	-1.1739
1.6300	-1.1738
1.6350	-1.1735
1.6400	-1.1729
1.6450	-1.1724
1.6500	-1.1722
1.6550	-1.1726
1.6600	-1.1735
1.6650	-1.1748
1.6700	-1.1759
1.6750	-1.1765
1.6800	-1.1765
1.6850	-1.1763
1.6900	-1.1760
1.6950	-1.1759
1.7000	-1.1759
1.7050	-1.1763
1.7100	-1.1768
1.7150	-1.1771
1.7200	-1.1774
1.7250	-1.1772
1.7300	-1.1763
1.7350	-1.1756
1.7400	-1.1756
1.7450	-1.1764
1.7500	-1.1773
1.7550	-1.1779
1.7600	-1.1782
1.7650	-1.1781
1.7700	-1.1775
1.7750	-1.1767
1.7800	-1.1755
1.7850	-1.1741
1.7900	-1.1729
1.7950	-1.1726
1.8000	-1.1729
1.8050	-1.1740
1.8100	-1.1739
1.8150	-1.1731
1.8200	-1.1735
1.8250	-1.1748
1.8300	-1.1764
1.8350	-1.1780
1.8400	-1.1791
1.8450	-1.1792
1.8500	-1.1787
1.8550	-1.1776
1.8600	-1.1765
1.8650	-1.1757
1.8700	-1.1757
1.8750	-1.1758
1.8800	-1.1759
1.8850	-1.1764
1.8900	-1.1776
1.8950	-1.1791
1.9000	-1.1804
1.9050	-1.1811
1.9100	-1.1817
1.9150	-1.1820
1.9200	-1.1821
1.9250	-1.1820
1.9300	-1.1820
1.9350	-1.1820
1.9400	-1.1822
1.9450	-1.1823
1.9500	-1.1824
1.9550	-1.1826
1.9600	-1.1827
1.9650	-1.1827
1.9700	-1.1827
1.9750	-1.1829
1.9800	-1.1834
1.9850	-1.1843
1.9900	-1.1851
1.9950	-1.1857
2.0000	-1.1859
2.0050	-1.1859
2.0100	-1.1858
2.0150	-1.1856
2.0200	-1.1855
2.0250	-1.1855
2.0300	-1.1854
2.0350	-1.1854
2.0400	-1.1854
2.0450	-1.1854
2.0500	-1.1855
2.0550	-1.1857
2.0600	-1.1859
2.0650	-1.1867
2.0700	-1.1876
2.0750	-1.1882
2.0800	-1.1888
2.0850	-1.1890
2.0900	-1.1889
2.0950	-1.1882
2.1000	-1.1870
2.1050	-1.1857
2.1100	-1.1848
2.1150	-1.1849
2.1200	-1.1854
2.1250	-1.1862
2.1300	-1.1871
2.1350	-1.1879
2.1400	-1.1884
2.1450	-1.1890
2.1500	-1.1892
2.1550	-1.1897
2.1600	-1.1902
2.1650	-1.1902
2.1700	-1.1897
2.1750	-1.1892
2.1800	-1.1883
2.1850	-1.1876
2.1900	-1.1873
2.1950	-1.1863
2.2000	-1.1849
2.2050	-1.1838
2.2100	-1.1824
2.2150	-1.1815
2.2200	-1.1816
2.2250	-1.1822
2.2300	-1.1837
2.2350	-1.1856
2.2400	-1.1871
2.2450	-1.1886
2.2500	-1.1897
2.2550	-1.1900
2.2600	-1.1901
2.2650	-1.1901
2.2700	-1.1900
2.2750	-1.1878
2.2800	-1.1837
2.2850	-1.1828
2.2900	-1.1831
2.2950	-1.1834
2.3000	-1.1840
2.3050	-1.1848
2.3100	-1.1852
2.3150	-1.1859
2.3200	-1.1876
2.3250	-1.1885
2.3300	-1.1885
2.3350	-1.1885
2.3400	-1.1886
2.3450	-1.1888
2.3500	-1.1895
2.3550	-1.1903
2.3600	-1.1915
2.3650	-1.1926
2.3700	-1.1931
2.3750	-1.1939
2.3800	-1.1945
2.3850	-1.1946
2.3900	-1.1938
2.3950	-1.1924
2.4000	-1.1910
2.4050	-1.1904
2.4100	-1.1915
2.4150	-1.1932
2.4200	-1.1946
2.4250	-1.1954
2.4300	-1.1958
2.4350	-1.1957
2.4400	-1.1952
2.4450	-1.1946
2.4500	-1.1938
2.4550	-1.1931
2.4600	-1.1925
2.4650	-1.1920
2.4700	-1.1916
2.4750	-1.1911
2.4800	-1.1904
2.4850	-1.1897
2.4900	-1.1891
2.4950	-1.1884
2.5000	-1.1878
2.5050	-1.1870
2.5100	-1.1866
2.5150	-1.1869
2.5200	-1.1878
2.5250	-1.1889
2.5300	-1.1907
2.5350	-1.1926
2.5400	-1.1936
2.5450	-1.1947
2.5500	-1.1952
2.5550	-1.1961
2.5600	-1.1972
2.5650	-1.1980
2.5700	-1.1993
2.5750	-1.2004
2.5800	-1.2014
2.5850	-1.2020
2.5900	-1.2020
2.5950	-1.2017
2.6000	-1.2011
2.6050	-1.2001
2.6100	-1.1992
2.6150	-1.1990
2.6200	-1.1994
2.6250	-1.1999
2.6300	-1.2012
2.6350	-1.2021
2.6400	-1.2025
2.6450	-1.2027
2.6500	-1.2028
2.6550	-1.2028
2.6600	-1.2028
2.6650	-1.2028
2.6700	-1.2024
2.6750	-1.2019
2.6800	-1.2015
2.6850	-1.2005
2.6900	-1.1994
2.6950	-1.1976
2.7000	-1.1955
2.7050	-1.1936
2.7100	-1.1921
2.7150	-1.1911
2.7200	-1.1916
2.7250	-1.1932
2.7300	-1.1949
2.7350	-1.1974
2.7400	-1.1997
2.7450	-1.2012
2.7500	-1.2026
2.7550	-1.2030
2.7600	-1.2026
2.7650	-1.2022
2.7700	-1.2023
2.7750	-1.2031
2.7800	-1.2040
2.7850	-1.2046
2.7900	-1.2052
2.7950	-1.2057
2.8000	-1.2068
2.8050	-1.2079
2.8100	-1.2089
2.8150	-1.2094
2.8200	-1.2093
2.8250	-1.2085
2.8300	-1.2071
2.8350	-1.2059
2.8400	-1.2048
2.8450	-1.2041
2.8500	-1.2038
2.8550	-1.2037
2.8600	-1.2038
2.8650	-1.2036
2.8700	-1.2031
2.8750	-1.2027
2.8800	-1.2026
2.8850	-1.2030
2.8900	-1.2040
2.8950	-1.2052
2.9000	-1.2061
2.9050	-1.2071
2.9100	-1.2079
2.9150	-1.2085
2.9200	-1.2088
2.9250	-1.2085
2.9300	-1.2082
2.9350	-1.2081
2.9400	-1.2083
2.9450	-1.2086
2.9500	-1.2087
2.9550	-1.2090
2.9600	-1.2096
2.9650	-1.2103
2.9700	-1.2106
2.9750	-1.2102
2.9800	-1.2105
2.9850	-1.2110
2.9900	-1.2112
2.9950	-1.2116
3.0000	-1.2119
3.0050	-1.2122
3.0100	-1.2126
3.0150	-1.2129
3.0200	-1.2131
3.0250	-1.2131
3.0300	-1.2127
3.0350	-1.2120
3.0400	-1.2113
3.0450	-1.2112
3.0500	-1.2114
3.0550	-1.2114
3.0600	-1.2115
3.0650	-1.2115
3.0700	-1.2117
3.0750	-1.2119
3.0800	-1.2117
3.0850	-1.2113
3.0900	-1.2108
3.0950	-1.2104
3.1000	-1.2100
3.1050	-1.2102
3.1100	-1.2100
3.1150	-1.2098
3.1200	-1.2099
3.1250	-1.2101
3.1300	-1.2103
3.1350	-1.2109
3.1400	-1.2118
3.1450	-1.2131
3.1500	-1.2136
3.1550	-1.2135
3.1600	-1.2135
3.1650	-1.2136
3.1700	-1.2137
3.1750	-1.2136
3.1800	-1.2136
3.1850	-1.2140
3.1900	-1.2149
3.1950	-1.2159
3.2000	-1.2161
3.2050	-1.2157
3.2100	-1.2147
3.2150	-1.2137
3.2200	-1.2131
3.2250	-1.2130
3.2300	-1.2130
3.2350	-1.2127
3.2400	-1.2124
3.2450	-1.2125
3.2500	-1.2132
3.2550	-1.2139
3.2600	-1.2141
3.2650	-1.2138
3.2700	-1.2133
3.2750	-1.2130
3.2800	-1.2129
3.2850	-1.2129
3.2900	-1.2128
3.2950	-1.2133
3.3000	-1.2141
3.3050	-1.2160
3.3100	-1.2182
3.3150	-1.2196
3.3200	-1.2214
3.3250	-1.2225
3.3300	-1.2246
3.3350	-1.2267
3.3400	-1.2291
3.3450	-1.2312
3.3500	-1.2319
3.3550	-1.2319
3.3600	-1.2316
3.3650	-1.2309
3.3700	-1.2299
3.3750	-1.2287
3.3800	-1.2271
3.3850	-1.2252
3.3900	-1.2232
3.3950	-1.2219
3.4000	-1.2217
3.4050	-1.2225
3.4100	-1.2237
3.4150	-1.2250
3.4200	-1.2266
3.4250	-1.2282
3.4300	-1.2294
3.4350	-1.2309
3.4400	-1.2319
3.4450	-1.2332
3.4500	-1.2343
3.4550	-1.2338
3.4600	-1.2321
3.4650	-1.2294
3.4700	-1.2262
3.4750	-1.2237
3.4800	-1.2223
3.4850	-1.2222
3.4900	-1.2226
3.4950	-1.2232
3.5000	-1.2237
3.5050	-1.2239
3.5100	-1.2242
3.5150	-1.2246
3.5200	-1.2251
3.5250	-1.2256
3.5300	-1.2260
3.5350	-1.2264
3.5400	-1.2268
3.5450	-1.2272
3.5500	-1.2276
3.5550	-1.2278
3.5600	-1.2275
3.5650	-1.2269
3.5700	-1.2263
3.5750	-1.2252
3.5800	-1.2245
3.5850	-1.2246
3.5900	-1.2251
3.5950	-1.2260
3.6000	-1.2270
3.6050	-1.2285
3.6100	-1.2300
3.6150	-1.2309
3.6200	-1.2308
3.6250	-1.2298
3.6300	-1.2288
3.6350	-1.2282
3.6400	-1.2283
3.6450	-1.2287
3.6500	-1.2292
3.6550	-1.2293
3.6600	-1.2290
3.6650	-1.2284
3.6700	-1.2279
3.6750	-1.2279
3.6800	-1.2283
3.6850	-1.2291
3.6900	-1.2301
3.6950	-1.2309
3.7000	-1.2312
3.7050	-1.2313
3.7100	-1.2313
3.7150	-1.2314
3.7200	-1.2314
3.7250	-1.2312
3.7300	-1.2312
3.7350	-1.2309
3.7400	-1.2304
3.7450	-1.2295
3.7500	-1.2289
3.7550	-1.2288
3.7600	-1.2287
3.7650	-1.2286
3.7700	-1.2282
3.7750	-1.2277
3.7800	-1.2272
3.7850	-1.2275
3.7900	-1.2284
3.7950	-1.2296
3.8000	-1.2307
3.8050	-1.2314
3.8100	-1.2314
3.8150	-1.2311
3.8200	-1.2307
3.8250	-1.2302
3.8300	-1.2295
3.8350	-1.2287
3.8400	-1.2279
3.8450	-1.2276
3.8500	-1.2275
3.8550	-1.2279
3.8600	-1.2289
3.8650	-1.2307
3.8700	-1.2325
3.8750	-1.2344
3.8800	-1.2358
3.8850	-1.2360
3.8900	-1.2364
3.8950	-1.2368
3.9000	-1.2383
3.9050	-1.2422
3.9100	-1.2477
3.9150	-1.2489
3.9200	-1.2431
3.9250	-1.2410
3.9300	-1.2402
3.9350	-1.2397
3.9400	-1.2396
3.9450	-1.2397
3.9500	-1.2397
3.9550	-1.2397
3.9600	-1.2397
3.9650	-1.2404
3.9700	-1.2416
3.9750	-1.2428
3.9800	-1.2437
3.9850	-1.2439
3.9900	-1.2436
3.9950	-1.2428
4.0000	-1.2416
4.0050	-1.2395
4.0100	-1.2375
4.0150	-1.2362
4.0200	-1.2352
4.0250	-1.2343
4.0300	-1.2328
4.0350	-1.2301
4.0400	-1.2270
4.0450	-1.2257
4.0500	-1.2253
4.0550	-1.2256
4.0600	-1.2266
4.0650	-1.2280
4.0700	-1.2293
4.0750	-1.2307
4.0800	-1.2316
4.0850	-1.2327
4.0900	-1.2338
4.0950	-1.2347
4.1000	-1.2361
4.1050	-1.2373
4.1100	-1.2395
4.1150	-1.2420
4.1200	-1.2439
4.1250	-1.2462
4.1300	-1.2479
4.1350	-1.2459
4.1400	-1.2427
4.1450	-1.2399
4.1500	-1.2371
4.1550	-1.2352
4.1600	-1.2348
4.1650	-1.2352
4.1700	-1.2360
4.1750	-1.2373
4.1800	-1.2389
4.1850	-1.2404
4.1900	-1.2416
4.1950	-1.2425
4.2000	-1.2428
4.2050	-1.2430
4.2100	-1.2430
4.2150	-1.2432
4.2200	-1.2436
4.2250	-1.2442
4.2300	-1.2446
4.2350	-1.2448
4.2400	-1.2443
4.2450	-1.2438
4.2500	-1.2438
4.2550	-1.2436
4.2600	-1.2433
4.2650	-1.2435
4.2700	-1.2436
4.2750	-1.2437
4.2800	-1.2437
4.2850	-1.2436
4.2900	-1.2435
4.2950	-1.2434
4.3000	-1.2433
4.3050	-1.2436
4.3100	-1.2444
4.3150	-1.2454
4.3200	-1.2469
4.3250	-1.2485
4.3300	-1.2494
4.3350	-1.2502
4.3400	-1.2505
4.3450	-1.2507
4.3500	-1.2507
4.3550	-1.2504
4.3600	-1.2498
4.3650	-1.2498
4.3700	-1.2524
4.3750	-1.2547
4.3800	-1.2553
4.3850	-1.2552
4.3900	-1.2546
4.3950	-1.2535
4.4000	-1.2526
4.4050	-1.2521
4.4100	-1.2527
4.4150	-1.2534
4.4200	-1.2540
4.4250	-1.2547
4.4300	-1.2553
4.4350	-1.2557
4.4400	-1.2562
4.4450	-1.2562
4.4500	-1.2560
4.4550	-1.2557
4.4600	-1.2554
4.4650	-1.2548
4.4700	-1.2539
4.4750	-1.2533
4.4800	-1.2525
4.4850	-1.2521
4.4900	-1.2514
4.4950	-1.2505
4.5000	-1.2494
4.5050	-1.2485
4.5100	-1.2480
4.5150	-1.2482
4.5200	-1.2491
4.5250	-1.2501
4.5300	-1.2517
4.5350	-1.2533
4.5400	-1.2542
4.5450	-1.2553
4.5500	-1.2562
4.5550	-1.2554
4.5600	-1.2552
4.5650	-1.2562
4.5700	-1.2571
4.5750	-1.2576
4.5800	-1.2576
4.5850	-1.2575
4.5900	-1.2576
4.5950	-1.2581
4.6000	-1.2587
4.6050	-1.2595
4.6100	-1.2607
4.6150	-1.2618
4.6200	-1.2629
4.6250	-1.2636
4.6300	-1.2634
4.6350	-1.2622
4.6400	-1.2607
4.6450	-1.2602
4.6500	-1.2596
4.6550	-1.2595
4.6600	-1.2595
4.6650	-1.2598
4.6700	-1.2604
4.6750	-1.2615
4.6800	-1.2625
4.6850	-1.2639
4.6900	-1.2652
4.6950	-1.2658
4.7000	-1.2663
4.7050	-1.2665
4.7100	-1.2670
4.7150	-1.2675
4.7200	-1.2681
4.7250	-1.2686
4.7300	-1.2684
4.7350	-1.2666
4.7400	-1.2655
4.7450	-1.2651
4.7500	-1.2638
4.7550	-1.2620
4.7600	-1.2601
4.7650	-1.2579
4.7700	-1.2563
4.7750	-1.2558
4.7800	-1.2563
4.7850	-1.2572
4.7900	-1.2580
4.7950	-1.2588
4.8000	-1.2593
4.8050	-1.2598
4.8100	-1.2603
4.8150	-1.2606
4.8200	-1.2610
4.8250	-1.2613
4.8300	-1.2616
4.8350	-1.2622
4.8400	-1.2628
4.8450	-1.2635
4.8500	-1.2639
4.8550	-1.2639
4.8600	-1.2642
4.8650	-1.2647
4.8700	-1.2656
4.8750	-1.2660
4.8800	-1.2658
4.8850	-1.2647
4.8900	-1.2630
4.8950	-1.2615
4.9000	-1.2602
4.9050	-1.2594
4.9100	-1.2594
4.9150	-1.2597
4.9200	-1.2605
4.9250	-1.2616
4.9300	-1.2628
4.9350	-1.2637
4.9400	-1.2651
4.9450	-1.2665
4.9500	-1.2679
4.9550	-1.2689
4.9600	-1.2690
4.9650	-1.2685
4.9700	-1.2679
4.9750	-1.2669
4.9800	-1.2663
4.9850	-1.2660
4.9900	-1.2658
4.9950	-1.2656
5.0000	-1.2654
5.0050	-1.2648
5.0100	-1.2642
5.0150	-1.2637
5.0200	-1.2632
5.0250	-1.2630
5.0300	-1.2625
5.0350	-1.2621
5.0400	-1.2620
5.0450	-1.2623
5.0500	-1.2628
5.0550	-1.2634
5.0600	-1.2642
5.0650	-1.2649
5.0700	-1.2655
5.0750	-1.2658
5.0800	-1.2657
5.0850	-1.2654
5.0900	-1.2651
5.0950	-1.2660
5.1000	-1.2670
5.1050	-1.2677
5.1100	-1.2660
5.1150	-1.2630
5.1200	-1.2625
5.1250	-1.2626
5.1300	-1.2633
5.1350	-1.2637
5.1400	-1.2639
5.1450	-1.2635
5.1500	-1.2622
5.1550	-1.2608
5.1600	-1.2599
5.1650	-1.2596
5.1700	-1.2601
5.1750	-1.2613
5.1800	-1.2626
5.1850	-1.2635
5.1900	-1.2643
5.1950	-1.2650
5.2000	-1.2656
5.2050	-1.2665
5.2100	-1.2671
5.2150	-1.2677
5.2200	-1.2680
5.2250	-1.2681
5.2300	-1.2684
5.2350	-1.2690
5.2400	-1.2699
5.2450	-1.2710
5.2500	-1.2717
5.2550	-1.2728
5.2600	-1.2738
5.2650	-1.2742
5.2700	-1.2746
5.2750	-1.2748
5.2800	-1.2755
5.2850	-1.2762
5.2900	-1.2763
5.2950	-1.2760
5.3000	-1.2755
5.3050	-1.2748
5.3100	-1.2742
5.3150	-1.2739
5.3200	-1.2743
5.3250	-1.2750
5.3300	-1.2757
5.3350	-1.2763
5.3400	-1.2765
5.3450	-1.2761
5.3500	-1.2760
5.3550	-1.2762
5.3600	-1.2769
5.3650	-1.2779
5.3700	-1.2782
5.3750	-1.2783
5.3800	-1.2781
5.3850	-1.2781
5.3900	-1.2786
5.3950	-1.2792
5.4000	-1.2814
5.4050	-1.2838
5.4100	-1.2850
5.4150	-1.2855
5.4200	-1.2852
5.4250	-1.2852
5.4300	-1.2857
5.4350	-1.2867
5.4400	-1.2877
5.4450	-1.2881
5.4500	-1.2902
5.4550	-1.2926
5.4600	-1.2922
5.4650	-1.2843
5.4700	-1.2741
5.4750	-1.2746
5.4800	-1.2753
5.4850	-1.2761
5.4900	-1.2765
5.4950	-1.2765
5.5000	-1.2760
5.5050	-1.2749
5.5100	-1.2743
5.5150	-1.2745
5.5200	-1.2757
5.5250	-1.2772
5.5300	-1.2786
5.5350	-1.2801
5.5400	-1.2810
5.5450	-1.2823
5.5500	-1.2838
5.5550	-1.2849
5.5600	-1.2867
5.5650	-1.2885
5.5700	-1.2907
5.5750	-1.2923
5.5800	-1.2930
5.5850	-1.2940
5.5900	-1.2954
5.5950	-1.2971
5.6000	-1.2985
5.6050	-1.2991
5.6100	-1.2985
5.6150	-1.2970
5.6200	-1.2947
5.6250	-1.2932
5.6300	-1.2930
5.6350	-1.2930
5.6400	-1.2928
5.6450	-1.2917
5.6500	-1.2885
5.6550	-1.2850
5.6600	-1.2850
5.6650	-1.2853
5.6700	-1.2859
5.6750	-1.2872
5.6800	-1.2886
5.6850	-1.2897
5.6900	-1.2906
5.6950	-1.2910
5.7000	-1.2912
5.7050	-1.2914
5.7100	-1.2917
5.7150	-1.2922
5.7200	-1.2928
5.7250	-1.2935
5.7300	-1.2939
5.7350	-1.2940
5.7400	-1.2936
5.7450	-1.2927
5.7500	-1.2915
5.7550	-1.2897
5.7600	-1.2873
5.7650	-1.2847
5.7700	-1.2824
5.7750	-1.2813
5.7800	-1.2815
5.7850	-1.2832
5.7900	-1.2850
5.7950	-1.2860
5.8000	-1.2870
5.8050	-1.2874
5.8100	-1.2877
5.8150	-1.2878
5.8200	-1.2878
5.8250	-1.2877
5.8300	-1.2877
5.8350	-1.2875
5.8400	-1.2875
5.8450	-1.2876
5.8500	-1.2875
5.8550	-1.2874
5.8600	-1.2874
5.8650	-1.2877
5.8700	-1.2880
5.8750	-1.2883
5.8800	-1.2888
5.8850	-1.2895
5.8900	-1.2908
5.8950	-1.2922
5.9000	-1.2940
5.9050	-1.2952
5.9100	-1.2956
5.9150	-1.2960
5.9200	-1.2962
5.9250	-1.2959
5.9300	-1.2954
5.9350	-1.2950
5.9400	-1.2948
5.9450	-1.2948
5.9500	-1.2950
5.9550	-1.2955
5.9600	-1.2961
5.9650	-1.2964
5.9700	-1.2967
5.9750	-1.2968
5.9800	-1.2969
5.9850	-1.2972
5.9900	-1.2978
5.9950	-1.2983
6.0000	-1.2986
6.0050	-1.2982
6.0100	-1.2972
6.0150	-1.2961
6.0200	-1.2961
6.0250	-1.2966
6.0300	-1.2973
6.0350	-1.2977
6.0400	-1.2979
6.0450	-1.2983
6.0500	-1.2994
6.0550	-1.3010
6.0600	-1.3027
6.0650	-1.3039
6.0700	-1.3051
6.0750	-1.3061
6.0800	-1.3066
6.0850	-1.3070
6.0900	-1.3072
6.0950	-1.3073
6.1000	-1.3076
6.1050	-1.3079
6.1100	-1.3080
6.1150	-1.3080
6.1200	-1.3080
6.1250	-1.3074
6.1300	-1.3065
6.1350	-1.3056
6.1400	-1.3047
6.1450	-1.3041
6.1500	-1.3036
6.1550	-1.3033
6.1600	-1.3033
6.1650	-1.3029
6.1700	-1.3025
6.1750	-1.3024
6.1800	-1.3022
6.1850	-1.3027
6.1900	-1.3048
6.1950	-1.3063
6.2000	-1.3061
6.2050	-1.3058
6.2100	-1.3056
6.2150	-1.3059
6.2200	-1.3067
6.2250	-1.3075
6.2300	-1.3085
6.2350	-1.3091
6.2400	-1.3093
6.2450	-1.3089
6.2500	-1.3083
6.2550	-1.3080
6.2600	-1.3083
6.2650	-1.3087
6.2700	-1.3097
6.2750	-1.3101
6.2800	-1.3096
6.2850	-1.3089
6.2900	-1.3085
6.2950	-1.3088
6.3000	-1.3096
6.3050	-1.3104
6.3100	-1.3114
6.3150	-1.3122
6.3200	-1.3126
6.3250	-1.3127
6.3300	-1.3126
6.3350	-1.3124
6.3400	-1.3124
6.3450	-1.3128
6.3500	-1.3128
6.3550	-1.3124
6.3600	-1.3116
6.3650	-1.3104
6.3700	-1.3093
6.3750	-1.3091
6.3800	-1.3094
6.3850	-1.3098
6.3900	-1.3106
6.3950	-1.3114
6.4000	-1.3120
6.4050	-1.3124
6.4100	-1.3124
6.4150	-1.3122
6.4200	-1.3119
6.4250	-1.3119
6.4300	-1.3127
6.4350	-1.3138
6.4400	-1.3145
6.4450	-1.3145
6.4500	-1.3140
6.4550	-1.3142
6.4600	-1.3147
6.4650	-1.3153
6.4700	-1.3157
6.4750	-1.3158
6.4800	-1.3158
6.4850	-1.3158
6.4900	-1.3159
6.4950	-1.3158
6.5000	-1.3153
6.5050	-1.3145
6.5100	-1.3143
6.5150	-1.3145
6.5200	-1.3149
6.5250	-1.3151
6.5300	-1.3152
6.5350	-1.3157
6.5400	-1.3165
6.5450	-1.3172
6.5500	-1.3180
6.5550	-1.3185
6.5600	-1.3188
6.5650	-1.3188
6.5700	-1.3183
6.5750	-1.3176
6.5800	-1.3169
6.5850	-1.3164
6.5900	-1.3156
6.5950	-1.3152
6.6000	-1.3157
6.6050	-1.3169
6.6100	-1.3181
6.6150	-1.3196
6.6200	-1.3210
6.6250	-1.3215
6.6300	-1.3214
6.6350	-1.3211
6.6400	-1.3207
6.6450	-1.3205
6.6500	-1.3206
6.6550	-1.3208
6.6600	-1.3211
6.6650	-1.3212
6.6700	-1.3214
6.6750	-1.3216
6.6800	-1.3226
6.6850	-1.3238
6.6900	-1.3246
6.6950	-1.3253
6.7000	-1.3255
6.7050	-1.3252
6.7100	-1.3251
6.7150	-1.3254
6.7200	-1.3256
6.7250	-1.3254
6.7300	-1.3247
6.7350	-1.3241
6.7400	-1.3234
6.7450	-1.3226
6.7500	-1.3211
6.7550	-1.3194
6.7600	-1.3184
6.7650	-1.3183
6.7700	-1.3187
6.7750	-1.3211
6.7800	-1.3238
6.7850	-1.3253
6.7900	-1.3261
6.7950	-1.3255
6.8000	-1.3244
6.8050	-1.3236
6.8100	-1.3235
6.8150	-1.3243
6.8200	-1.3258
6.8250	-1.3271
6.8300	-1.3281
6.8350	-1.3281
6.8400	-1.3267
6.8450	-1.3246
6.8500	-1.3228
6.8550	-1.3219
6.8600	-1.3216
6.8650	-1.3217
6.8700	-1.3220
6.8750	-1.3227
6.8800	-1.3240
6.8850	-1.3259
6.8900	-1.3276
6.8950	-1.3287
6.9000	-1.3290
6.9050	-1.3286
6.9100	-1.3284
6.9150	-1.3288
6.9200	-1.3292
6.9250	-1.3297
6.9300	-1.3305
6.9350	-1.3308
6.9400	-1.3307
6.9450	-1.3295
6.9500	-1.3280
6.9550	-1.3269
6.9600	-1.3263
6.9650	-1.3263
6.9700	-1.3266
6.9750	-1.3277
6.9800	-1.3293
6.9850	-1.3304
6.9900	-1.3312
6.9950	-1.3311
7.0000	-1.3317
7.0050	-1.3326
7.0100	-1.3335
7.0150	-1.3340
7.0200	-1.3338
7.0250	-1.3329
7.0300	-1.3325
7.0350	-1.3329
7.0400	-1.3335
7.0450	-1.3340
7.0500	-1.3337
7.0550	-1.3334
7.0600	-1.3331
7.0650	-1.3326
7.0700	-1.3322
7.0750	-1.3322
7.0800	-1.3324
7.0850	-1.3331
7.0900	-1.3343
7.0950	-1.3350
7.1000	-1.3345
7.1050	-1.3339
7.1100	-1.3334
7.1150	-1.3334
7.1200	-1.3338
7.1250	-1.3345
7.1300	-1.3348
7.1350	-1.3348
7.1400	-1.3345
7.1450	-1.3341
7.1500	-1.3340
7.1550	-1.3343
7.1600	-1.3346
7.1650	-1.3348
7.1700	-1.3347
7.1750	-1.3349
7.1800	-1.3354
7.1850	-1.3357
7.1900	-1.3358
7.1950	-1.3352
7.2000	-1.3349
7.2050	-1.3349
7.2100	-1.3357
7.2150	-1.3364
7.2200	-1.3368
7.2250	-1.3372
7.2300	-1.3377
7.2350	-1.3385
7.2400	-1.3385
7.2450	-1.3381
7.2500	-1.3373
7.2550	-1.3365
7.2600	-1.3361
7.2650	-1.3365
7.2700	-1.3371
7.2750	-1.3377
7.2800	-1.3382
7.2850	-1.3384
7.2900	-1.3387
7.2950	-1.3389
7.3000	-1.3389
7.3050	-1.3387
7.3100	-1.3388
7.3150	-1.3394
7.3200	-1.3402
7.3250	-1.3409
7.3300	-1.3412
7.3350	-1.3414
7.3400	-1.3413
7.3450	-1.3411
7.3500	-1.3407
7.3550	-1.3397
7.3600	-1.3393
7.3650	-1.3393
7.3700	-1.3398
7.3750	-1.3401
7.3800	-1.3401
7.3850	-1.3406
7.3900	-1.3413
7.3950	-1.3416
7.4000	-1.3412
7.4050	-1.3399
7.4100	-1.3391
7.4150	-1.3396
7.4200	-1.3412
7.4250	-1.3431
7.4300	-1.3447
7.4350	-1.3460
7.4400	-1.3467
7.4450	-1.3462
7.4500	-1.3447
7.4550	-1.3429
7.4600	-1.3421
7.4650	-1.3422
7.4700	-1.3431
7.4750	-1.3439
7.4800	-1.3447
7.4850	-1.3450
7.4900	-1.3445
7.4950	-1.3434
7.5000	-1.3426
7.5050	-1.3422
7.5100	-1.3422
7.5150	-1.3424
7.5200	-1.3430
7.5250	-1.3436
7.5300	-1.3448
7.5350	-1.3459
7.5400	-1.3463
7.5450	-1.3461
7.5500	-1.3452
7.5550	-1.3438
7.5600	-1.3426
7.5650	-1.3421
7.5700	-1.3430
7.5750	-1.3448
7.5800	-1.3468
7.5850	-1.3481
7.5900	-1.3485
7.5950	-1.3481
7.6000	-1.3478
7.6050	-1.3478
7.6100	-1.3486
7.6150	-1.3503
7.6200	-1.3528
7.6250	-1.3489
7.6300	-1.3406
7.6350	-1.3461
7.6400	-1.3515
7.6450	-1.3512
7.6500	-1.3536
7.6550	-1.3571
7.6600	-1.3526
7.6650	-1.3505
7.6700	-1.3533
7.6750	-1.3566
7.6800	-1.3589
7.6850	-1.3615
7.6900	-1.3617
7.6950	-1.3549
7.7000	-1.3523
7.7050	-1.3533
7.7100	-1.3566
7.7150	-1.3574
7.7200	-1.3545
7.7250	-1.3554
7.7300	-1.3548
7.7350	-1.3524
7.7400	-1.3535
7.7450	-1.3566
7.7500	-1.3621
7.7550	-1.3675
7.7600	-1.3472
7.7650	-1.3509
7.7700	-1.3524
7.7750	-1.3498
7.7800	-1.3503
7.7850	-1.3528
7.7900	-1.3571
7.7950	-1.3554
7.8000	-1.3487
7.8050	-1.3498
7.8100	-1.3528
7.8150	-1.3561
7.8200	-1.3591
7.8250	-1.3614
7.8300	-1.3522
7.8350	-1.3529
7.8400	-1.3561
7.8450	-1.3569
7.8500	-1.3556
7.8550	-1.3530
7.8600	-1.3554
7.8650	-10000.0000
7.8700	-10000.0000
7.8750	-10000.0000
7.8800	-10000.0000
7.8850	-10000.0000
7.8900	-10000.0000
7.8950	-10000.0000
7.9000	-10000.0000
7.9050	-10000.0000
7.9100	-10000.0000
7.9150	-10000.0000
7.9200	-10000.0000
7.9250	-10000.0000
7.9300	-10000.0000
7.9350	-10000.0000
7.9400	-10000.0000
7.9450	-10000.0000
7.9500	-10000.0000
7.9550	-10000.0000
7.9600	-10000.0000
7.9650	-10000.0000
7.9700	-10000.0000
7.9750	-10000.0000
7.9800	-10000.0000
7.9850	-10000.0000
7.9900	-10000.0000
7.9950	-10000.0000