-8.0000	-10000.0000
-7.9950	-10000.0000
-7.9900	-10000.0000
-7.9850	-10000.0000
-7.9800	-10000.0000
-7.9750	-10000.0000
-7.9700	-10000.0000
-7.9650	-10000.0000
-7.9600	-10000.0000
-7.9550	-10000.0000
-7.9500	-10000.0000
-7.9450	-10000.0000
-7.9400	-10000.0000
-7.9350	-10000.0000
-7.9300	-10000.0000
-7.9250	-10000.0000
-7.9200	-10000.0000
-7.9150	-10000.0000
-7.9100	-10000.0000
-7.9050	-10000.0000
-7.9000	-10000.0000
-7.8950	-10000.0000
-7.8900	-10000.0000
-7.8850	-10000.0000
-7.8800	-10000.0000
-7.8750	-10000.0000
-7.8700	-10000.0000
-7.8650	-10000.0000
-7.8600	-10000.0000
-7.8550	-10000.0000
-7.8500	-10000.0000
-7.8450	-10000.0000
-7.8400	-10000.0000
-7.8350	-10000.0000
-7.8300	-10000.0000
-7.8250	-10000.0000
-7.8200	-10000.0000
-7.8150	-10000.0000
-7.8100	-10000.0000
-7.8050	-10000.0000
-7.8000	-10000.0000
-7.7950	-10000.0000
-7.7900	-10000.0000
-7.7850	-10000.0000
-7.7800	-10000.0000
-7.7750	-10000.0000
-7.7700	-10000.0000
-7.7650	-10000.0000
-7.7600	-10000.0000
-7.7550	-10000.0000
-7.7500	-10000.0000
-7.7450	-10000.0000
-7.7400	-10000.0000
-7.7350	-10000.0000
-7.7300	-10000.0000
-7.7250	-10000.0000
-7.7200	-10000.0000
-7.7150	-10000.0000
-7.7100	-10000.0000
-7.7050	-10000.0000
-7.7000	-10000.0000
-7.6950	-10000.0000
-7.6900	-10000.0000
-7.6850	-10000.0000
-7.6800	-10000.0000
-7.6750	-10000.0000
-7.6700	-10000.0000
-7.6650	-10000.0000
-7.6600	-10000.0000
-7.6550	-10000.0000
-7.6500	-10000.0000
-7.6450	-10000.0000
-7.6400	-10000.0000
-7.6350	-10000.0000
-7.6300	-10000.0000
-7.6250	-10000.0000
-7.6200	-10000.0000
-7.6150	-10000.0000
-7.6100	-10000.0000
-7.6050	-10000.0000
-7.6000	-0.2026
-7.5950	-0.1923
-7.5900	-0.1819
-7.5850	-0.1893
-7.5800	-0.1958
-7.5750	-0.1846
-7.5700	-0.1733
-7.5650	-0.1688
-7.5600	-0.1686
-7.5550	-0.1738
-7.5500	-0.1751
-7.5450	-0.1739
-7.5400	-0.1695
-7.5350	-0.1675
-7.5300	-0.1773
-7.5250	-0.1777
-7.5200	-0.1781
-7.5150	-0.1790
-7.5100	-0.1809
-7.5050	-0.1818
-7.5000	-0.1817
-7.4950	-0.1813
-7.4900	-0.1813
-7.4850	-0.1820
-7.4800	-0.1865
-7.4750	-0.1887
-7.4700	-0.1886
-7.4650	-0.1875
-7.4600	-0.1859
-7.4550	-0.1845
-7.4500	-0.1851
-7.4450	-0.1860
-7.4400	-0.1827
-7.4350	-0.1807
-7.4300	-0.1818
-7.4250	-0.1831
-7.4200	-0.1812
-7.4150	-0.1760
-7.4100	-0.1737
-7.4050	-0.1851
-7.4000	-0.1844
-7.3950	-0.1832
-7.3900	-0.1821
-7.3850	-0.1823
-7.3800	-0.1828
-7.3750	-0.1830
-7.3700	-0.1830
-7.3650	-0.1830
-7.3600	-0.1832
-7.3550	-0.1838
-7.3500	-0.1839
-7.3450	-0.1816
-7.3400	-0.1787
-7.3350	-0.1765
-7.3300	-0.1744
-7.3250	-0.1731
-7.3200	-0.1721
-7.3150	-0.1712
-7.3100	-0.1712
-7.3050	-0.1726
-7.3000	-0.1747
-7.2950	-0.1759
-7.2900	-0.1777
-7.2850	-0.1795
-7.2800	-0.1803
-7.2750	-0.1803
-7.2700	-0.1797
-7.2650	-0.1793
-7.2600	-0.1786
-7.2550	-0.1780
-7.2500	-0.1768
-7.2450	-0.1754
-7.2400	-0.1744
-7.2350	-0.1737
-7.2300	-0.1738
-7.2250	-0.1740
-7.2200	-0.1738
-7.2150	-0.1734
-7.2100	-0.1723
-7.2050	-0.1710
-7.2000	-0.1703
-7.1950	-0.1695
-7.1900	-0.1691
-7.1850	-0.1691
-7.1800	-0.1692
-7.1750	-0.1693
-7.1700	-0.1692
-7.1650	-0.1692
-7.1600	-0.1700
-7.1550	-0.1723
-7.1500	-0.1758
-7.1450	-0.1790
-7.1400	-0.1806
-7.1350	-0.1813
-7.1300	-0.1813
-7.1250	-0.1809
-7.1200	-0.1802
-7.1150	-0.1795
-7.1100	-0.1762
-7.1050	-0.1710
-7.1000	-0.1776
-7.0950	-0.1873
-7.0900	-0.1859
-7.0850	-0.1855
-7.0800	-0.1852
-7.0750	-0.1846
-7.0700	-0.1843
-7.0650	-0.1845
-7.0600	-0.1851
-7.0550	-0.1858
-7.0500	-0.1863
-7.0450	-0.1864
-7.0400	-0.1865
-7.0350	-0.1865
-7.0300	-0.1868
-7.0250	-0.1873
-7.0200	-0.1879
-7.0150	-0.1885
-7.0100	-0.1889
-7.0050	-0.1887
-7.0000	-0.1881
-6.9950	-0.1875
-6.9900	-0.1872
-6.9850	-0.1872
-6.9800	-0.1876
-6.9750	-0.1879
-6.9700	-0.1878
-6.9650	-0.1872
-6.9600	-0.1866
-6.9550	-0.1860
-6.9500	-0.1856
-6.9450	-0.1853
-6.9400	-0.1853
-6.9350	-0.1858
-6.9300	-0.1868
-6.9250	-0.1879
-6.9200	-0.1891
-6.9150	-0.1903
-6.9100	-0.1913
-6.9050	-0.1913
-6.9000	-0.1907
-6.8950	-0.1892
-6.8900	-0.1876
-6.8850	-0.1867
-6.8800	-0.1866
-6.8750	-0.1869
-6.8700	-0.1873
-6.8650	-0.1881
-6.8600	-0.1887
-6.8550	-0.1890
-6.8500	-0.1892
-6.8450	-0.1894
-6.8400	-0.1896
-6.8350	-0.1900
-6.8300	-0.1905
-6.8250	-0.1912
-6.8200	-0.1927
-6.8150	-0.1946
-6.8100	-0.1997
-6.8050	-0.2032
-6.8000	-0.2050
-6.7950	-0.2059
-6.7900	-0.2062
-6.7850	-0.2060
-6.7800	-0.2057
-6.7750	-0.2052
-6.7700	-0.2047
-6.7650	-0.2039
-6.7600	-0.2031
-6.7550	-0.2029
-6.7500	-0.2024
-6.7450	-0.2018
-6.7400	-0.2002
-6.7350	-0.1981
-6.7300	-0.1961
-6.7250	-0.1944
-6.7200	-0.1934
-6.7150	-0.1923
-6.7100	-0.1913
-6.7050	-0.1906
-6.7000	-0.1894
-6.6950	-0.1885
-6.6900	-0.1881
-6.6850	-0.1886
-6.6800	-0.1898
-6.6750	-0.1919
-6.6700	-0.1936
-6.6650	-0.1944
-6.6600	-0.1930
-6.6550	-0.1913
-6.6500	-0.1911
-6.6450	-0.1931
-6.6400	-0.1960
-6.6350	-0.1968
-6.6300	-0.1970
-6.6250	-0.1969
-6.6200	-0.1969
-6.6150	-0.1973
-6.6100	-0.1983
-6.6050	-0.1994
-6.6000	-0.2003
-6.5950	-0.2009
-6.5900	-0.2015
-6.5850	-0.2017
-6.5800	-0.2017
-6.5750	-0.2021
-6.5700	-0.2029
-6.5650	-0.2043
-6.5600	-0.2068
-6.5550	-0.2098
-6.5500	-0.2118
-6.5450	-0.2143
-6.5400	-0.2164
-6.5350	-0.2176
-6.5300	-0.2178
-6.5250	-0.2173
-6.5200	-0.2156
-6.5150	-0.2139
-6.5100	-0.2127
-6.5050	-0.2120
-6.5000	-0.2115
-6.4950	-0.2114
-6.4900	-0.2116
-6.4850	-0.2118
-6.4800	-0.2113
-6.4750	-0.2099
-6.4700	-0.2079
-6.4650	-0.2057
-6.4600	-0.2043
-6.4550	-0.2053
-6.4500	-0.2075
-6.4450	-0.2104
-6.4400	-0.2125
-6.4350	-0.2141
-6.4300	-0.2145
-6.4250	-0.2140
-6.4200	-0.2128
-6.4150	-0.2113
-6.4100	-0.2100
-6.4050	-0.2093
-6.4000	-0.2097
-6.3950	-0.2105
-6.3900	-0.2112
-6.3850	-0.2109
-6.3800	-0.2105
-6.3750	-0.2102
-6.3700	-0.2107
-6.3650	-0.2113
-6.3600	-0.2116
-6.3550	-0.2121
-6.3500	-0.2127
-6.3450	-0.2132
-6.3400	-0.2134
-6.3350	-0.2132
-6.3300	-0.2129
-6.3250	-0.2127
-6.3200	-0.2129
-6.3150	-0.2133
-6.3100	-0.2134
-6.3050	-0.2131
-6.3000	-0.2123
-6.2950	-0.2113
-6.2900	-0.2106
-6.2850	-0.2101
-6.2800	-0.2101
-6.2750	-0.2111
-6.2700	-0.2124
-6.2650	-0.2136
-6.2600	-0.2142
-6.2550	-0.2144
-6.2500	-0.2140
-6.2450	-0.2133
-6.2400	-0.2127
-6.2350	-0.2123
-6.2300	-0.2118
-6.2250	-0.2111
-6.2200	-0.2102
-6.2150	-0.2093
-6.2100	-0.2091
-6.2050	-0.2091
-6.2000	-0.2093
-6.1950	-0.2099
-6.1900	-0.2109
-6.1850	-0.2119
-6.1800	-0.2115
-6.1750	-0.2101
-6.1700	-0.2084
-6.1650	-0.2055
-6.1600	-0.2028
-6.1550	-0.2012
-6.1500	-0.2006
-6.1450	-0.2016
-6.1400	-0.2081
-6.1350	-0.2151
-6.1300	-0.2170
-6.1250	-0.2192
-6.1200	-0.2210
-6.1150	-0.2219
-6.1100	-0.2227
-6.1050	-0.2233
-6.1000	-0.2239
-6.0950	-0.2241
-6.0900	-0.2232
-6.0850	-0.2213
-6.0800	-0.2179
-6.0750	-0.2147
-6.0700	-0.2124
-6.0650	-0.2108
-6.0600	-0.2108
-6.0550	-0.2111
-6.0500	-0.2118
-6.0450	-0.2123
-6.0400	-0.2124
-6.0350	-0.2122
-6.0300	-0.2119
-6.0250	-0.2119
-6.0200	-0.2131
-6.0150	-0.2155
-6.0100	-0.2187
-6.0050	-0.2215
-6.0000	-0.2234
-5.9950	-0.2247
-5.9900	-0.2258
-5.9850	-0.2273
-5.9800	-0.2289
-5.9750	-0.2297
-5.9700	-0.2295
-5.9650	-0.2282
-5.9600	-0.2268
-5.9550	-0.2253
-5.9500	-0.2245
-5.9450	-0.2246
-5.9400	-0.2258
-5.9350	-0.2278
-5.9300	-0.2303
-5.9250	-0.2317
-5.9200	-0.2286
-5.9150	-0.2391
-5.9100	-0.2506
-5.9050	-0.2464
-5.9000	-0.2369
-5.8950	-0.2275
-5.8900	-0.2203
-5.8850	-0.2204
-5.8800	-0.2174
-5.8750	-0.2140
-5.8700	-0.2125
-5.8650	-0.2110
-5.8600	-0.2103
-5.8550	-0.2097
-5.8500	-0.2092
-5.8450	-0.2089
-5.8400	-0.2097
-5.8350	-0.2114
-5.8300	-0.2133
-5.8250	-0.2150
-5.8200	-0.2162
-5.8150	-0.2172
-5.8100	-0.2190
-5.8050	-0.2210
-5.8000	-0.2226
-5.7950	-0.2249
-5.7900	-0.2272
-5.7850	-0.2286
-5.7800	-0.2292
-5.7750	-0.2291
-5.7700	-0.2282
-5.7650	-0.2270
-5.7600	-0.2261
-5.7550	-0.2243
-5.7500	-0.2227
-5.7450	-0.2203
-5.7400	-0.2183
-5.7350	-0.2173
-5.7300	-0.2162
-5.7250	-0.2154
-5.7200	-0.2151
-5.7150	-0.2151
-5.7100	-0.2156
-5.7050	-0.2179
-5.7000	-0.2212
-5.6950	-0.2243
-5.6900	-0.2265
-5.6850	-0.2276
-5.6800	-0.2279
-5.6750	-0.2277
-5.6700	-0.2276
-5.6650	-0.2277
-5.6600	-0.2281
-5.6550	-0.2285
-5.6500	-0.2286
-5.6450	-0.2286
-5.6400	-0.2285
-5.6350	-0.2280
-5.6300	-0.2270
-5.6250	-0.2259
-5.6200	-0.2241
-5.6150	-0.2221
-5.6100	-0.2211
-5.6050	-0.2203
-5.6000	-0.2203
-5.5950	-0.2209
-5.5900	-0.2217
-5.5850	-0.2228
-5.5800	-0.2246
-5.5750	-0.2266
-5.5700	-0.2279
-5.5650	-0.2284
-5.5600	-0.2281
-5.5550	-0.2277
-5.5500	-0.2275
-5.5450	-0.2277
-5.5400	-0.2279
-5.5350	-0.2282
-5.5300	-0.2284
-5.5250	-0.2288
-5.5200	-0.2293
-5.5150	-0.2293
-5.5100	-0.2295
-5.5050	-0.2296
-5.5000	-0.2299
-5.4950	-0.2301
-5.4900	-0.2299
-5.4850	-0.2297
-5.4800	-0.2298
-5.4750	-0.2299
-5.4700	-0.2298
-5.4650	-0.2297
-5.4600	-0.2295
-5.4550	-0.2293
-5.4500	-0.2293
-5.4450	-0.2286
-5.4400	-0.2276
-5.4350	-0.2265
-5.4300	-0.2260
-5.4250	-0.2264
-5.4200	-0.2276
-5.4150	-0.2294
-5.4100	-0.2312
-5.4050	-0.2316
-5.4000	-0.2324
-5.3950	-0.2340
-5.3900	-0.2375
-5.3850	-0.2406
-5.3800	-0.2422
-5.3750	-0.2443
-5.3700	-0.2473
-5.3650	-0.2508
-5.3600	-0.2518
-5.3550	-0.2526
-5.3500	-0.2525
-5.3450	-0.2513
-5.3400	-0.2496
-5.3350	-0.2472
-5.3300	-0.2447
-5.3250	-0.2430
-5.3200	-0.2408
-5.3150	-0.2387
-5.3100	-0.2375
-5.3050	-0.2365
-5.3000	-0.2364
-5.2950	-0.2367
-5.2900	-0.2371
-5.2850	-0.2374
-5.2800	-0.2379
-5.2750	-0.2385
-5.2700	-0.2387
-5.2650	-0.2386
-5.2600	-0.2384
-5.2550	-0.2374
-5.2500	-0.2364
-5.2450	-0.2357
-5.2400	-0.2350
-5.2350	-0.2346
-5.2300	-0.2350
-5.2250	-0.2355
-5.2200	-0.2358
-5.2150	-0.2352
-5.2100	-0.2344
-5.2050	-0.2337
-5.2000	-0.2334
-5.1950	-0.2337
-5.1900	-0.2351
-5.1850	-0.2370
-5.1800	-0.2390
-5.1750	-0.2401
-5.1700	-0.2406
-5.1650	-0.2405
-5.1600	-0.2397
-5.1550	-0.2388
-5.1500	-0.2383
-5.1450	-0.2380
-5.1400	-0.2380
-5.1350	-0.2383
-5.1300	-0.2388
-5.1250	-0.2392
-5.1200	-0.2394
-5.1150	-0.2396
-5.1100	-0.2398
-5.1050	-0.2401
-5.1000	-0.2404
-5.0950	-0.2405
-5.0900	-0.2407
-5.0850	-0.2409
-5.0800	-0.2411
-5.0750	-0.2413
-5.0700	-0.2414
-5.0650	-0.2418
-5.0600	-0.2437
-5.0550	-0.2469
-5.0500	-0.2548
-5.0450	-0.2602
-5.0400	-0.2625
-5.0350	-0.2625
-5.0300	-0.2616
-5.0250	-0.2603
-5.0200	-0.2588
-5.0150	-0.2574
-5.0100	-0.2563
-5.0050	-0.2550
-5.0000	-0.2541
-4.9950	-0.2525
-4.9900	-0.2511
-4.9850	-0.2512
-4.9800	-0.2524
-4.9750	-0.2544
-4.9700	-0.2568
-4.9650	-0.2584
-4.9600	-0.2585
-4.9550	-0.2572
-4.9500	-0.2555
-4.9450	-0.2542
-4.9400	-0.2529
-4.9350	-0.2518
-4.9300	-0.2510
-4.9250	-0.2501
-4.9200	-0.2495
-4.9150	-0.2495
-4.9100	-0.2497
-4.9050	-0.2496
-4.9000	-0.2481
-4.8950	-0.2463
-4.8900	-0.2451
-4.8850	-0.2447
-4.8800	-0.2450
-4.8750	-0.2451
-4.8700	-0.2454
-4.8650	-0.2462
-4.8600	-0.2472
-4.8550	-0.2478
-4.8500	-0.2475
-4.8450	-0.2465
-4.8400	-0.2453
-4.8350	-0.2444
-4.8300	-0.2440
-4.8250	-0.2447
-4.8200	-0.2469
-4.8150	-0.2498
-4.8100	-0.2520
-4.8050	-0.2549
-4.8000	-0.2574
-4.7950	-0.2587
-4.7900	-0.2594
-4.7850	-0.2593
-4.7800	-0.2588
-4.7750	-0.2581
-4.7700	-0.2576
-4.7650	-0.2571
-4.7600	-0.2566
-4.7550	-0.2558
-4.7500	-0.2543
-4.7450	-0.2529
-4.7400	-0.2515
-4.7350	-0.2506
-4.7300	-0.2508
-4.7250	-0.2515
-4.7200	-0.2520
-4.7150	-0.2518
-4.7100	-0.2511
-4.7050	-0.2501
-4.7000	-0.2499
-4.6950	-0.2508
-4.6900	-0.2524
-4.6850	-0.2545
-4.6800	-0.2567
-4.6750	-0.2575
-4.6700	-0.2584
-4.6650	-0.2591
-4.6600	-0.2593
-4.6550	-0.2597
-4.6500	-0.2600
-4.6450	-0.2605
-4.6400	-0.2610
-4.6350	-0.2615
-4.6300	-0.2623
-4.6250	-0.2633
-4.6200	-0.2645
-4.6150	-0.2651
-4.6100	-0.2654
-4.6050	-0.2664
-4.6000	-0.2665
-4.5950	-0.2661
-4.5900	-0.2655
-4.5850	-0.2651
-4.5800	-0.2650
-4.5750	-0.2650
-4.5700	-0.2650
-4.5650	-0.2648
-4.5600	-0.2640
-4.5550	-0.2628
-4.5500	-0.2615
-4.5450	-0.2601
-4.5400	-0.2585
-4.5350	-0.2572
-4.5300	-0.2567
-4.5250	-0.2586
-4.5200	-0.2611
-4.5150	-0.2631
-4.5100	-0.2639
-4.5050	-0.2635
-4.5000	-0.2624
-4.4950	-0.2619
-4.4900	-0.2623
-4.4850	-0.2630
-4.4800	-0.2629
-4.4750	-0.2622
-4.4700	-0.2613
-4.4650	-0.2605
-4.4600	-0.2605
-4.4550	-0.2612
-4.4500	-0.2623
-4.4450	-0.2630
-4.4400	-0.2632
-4.4350	-0.2630
-4.4300	-0.2626
-4.4250	-0.2626
-4.4200	-0.2629
-4.4150	-0.2632
-4.4100	-0.2630
-4.4050	-0.2621
-4.4000	-0.2606
-4.3950	-0.2591
-4.3900	-0.2586
-4.3850	-0.2587
-4.3800	-0.2595
-4.3750	-0.2605
-4.3700	-0.2615
-4.3650	-0.2617
-4.3600	-0.2618
-4.3550	-0.2618
-4.3500	-0.2624
-4.3450	-0.2631
-4.3400	-0.2636
-4.3350	-0.2636
-4.3300	-0.2633
-4.3250	-0.2633
-4.3200	-0.2636
-4.3150	-0.2641
-4.3100	-0.2648
-4.3050	-0.2656
-4.3000	-0.2662
-4.2950	-0.2663
-4.2900	-0.2661
-4.2850	-0.2653
-4.2800	-0.2641
-4.2750	-0.2630
-4.2700	-0.2621
-4.2650	-0.2618
-4.2600	-0.2623
-4.2550	-0.2634
-4.2500	-0.2647
-4.2450	-0.2658
-4.2400	-0.2671
-4.2350	-0.2683
-4.2300	-0.2690
-4.2250	-0.2696
-4.2200	-0.2699
-4.2150	-0.2703
-4.2100	-0.2705
-4.2050	-0.2704
-4.2000	-0.2703
-4.1950	-0.2701
-4.1900	-0.2700
-4.1850	-0.2698
-4.1800	-0.2696
-4.1750	-0.2691
-4.1700	-0.2684
-4.1650	-0.2676
-4.1600	-0.2667
-4.1550	-0.2658
-4.1500	-0.2655
-4.1450	-0.2654
-4.1400	-0.2658
-4.1350	-0.2671
-4.1300	-0.2687
-4.1250	-0.2698
-4.1200	-0.2713
-4.1150	-0.2727
-4.1100	-0.2735
-4.1050	-0.2734
-4.1000	-0.2726
-4.0950	-0.2722
-4.0900	-0.2719
-4.0850	-0.2720
-4.0800	-0.2720
-4.0750	-0.2717
-4.0700	-0.2712
-4.0650	-0.2707
-4.0600	-0.2704
-4.0550	-0.2708
-4.0500	-0.2716
-4.0450	-0.2724
-4.0400	-0.2734
-4.0350	-0.2742
-4.0300	-0.2740
-4.0250	-0.2732
-4.0200	-0.2719
-4.0150	-0.2708
-4.0100	-0.2697
-4.0050	-0.2690
-4.0000	-0.2692
-3.9950	-0.2700
-3.9900	-0.2710
-3.9850	-0.2721
-3.9800	-0.2730
-3.9750	-0.2737
-3.9700	-0.2744
-3.9650	-0.2749
-3.9600	-0.2752
-3.9550	-0.2754
-3.9500	-0.2754
-3.9450	-0.2751
-3.9400	-0.2746
-3.9350	-0.2744
-3.9300	-0.2743
-3.9250	-0.2745
-3.9200	-0.2750
-3.9150	-0.2755
-3.9100	-0.2758
-3.9050	-0.2770
-3.9000	-0.2786
-3.8950	-0.2796
-3.8900	-0.2798
-3.8850	-0.2794
-3.8800	-0.2778
-3.8750	-0.2757
-3.8700	-0.2740
-3.8650	-0.2721
-3.8600	-0.2708
-3.8550	-0.2710
-3.8500	-0.2720
-3.8450	-0.2731
-3.8400	-0.2734
-3.8350	-0.2732
-3.8300	-0.2726
-3.8250	-0.2726
-3.8200	-0.2729
-3.8150	-0.2743
-3.8100	-0.2759
-3.8050	-0.2773
-3.8000	-0.2781
-3.7950	-0.2782
-3.7900	-0.2776
-3.7850	-0.2770
-3.7800	-0.2766
-3.7750	-0.2769
-3.7700	-0.2777
-3.7650	-0.2786
-3.7600	-0.2784
-3.7550	-0.2777
-3.7500	-0.2770
-3.7450	-0.2772
-3.7400	-0.2781
-3.7350	-0.2789
-3.7300	-0.2798
-3.7250	-0.2804
-3.7200	-0.2812
-3.7150	-0.2822
-3.7100	-0.2832
-3.7050	-0.2839
-3.7000	-0.2845
-3.6950	-0.2850
-3.6900	-0.2863
-3.6850	-0.2878
-3.6800	-0.2884
-3.6750	-0.2881
-3.6700	-0.2867
-3.6650	-0.2849
-3.6600	-0.2837
-3.6550	-0.2848
-3.6500	-0.2849
-3.6450	-0.2842
-3.6400	-0.2833
-3.6350	-0.2828
-3.6300	-0.2830
-3.6250	-0.2835
-3.6200	-0.2842
-3.6150	-0.2849
-3.6100	-0.2861
-3.6050	-0.2873
-3.6000	-0.2881
-3.5950	-0.2883
-3.5900	-0.2879
-3.5850	-0.2875
-3.5800	-0.2873
-3.5750	-0.2878
-3.5700	-0.2887
-3.5650	-0.2895
-3.5600	-0.2894
-3.5550	-0.2890
-3.5500	-0.2884
-3.5450	-0.2882
-3.5400	-0.2883
-3.5350	-0.2886
-3.5300	-0.2888
-3.5250	-0.2887
-3.5200	-0.2882
-3.5150	-0.2877
-3.5100	-0.2871
-3.5050	-0.2867
-3.5000	-0.2861
-3.4950	-0.2843
-3.4900	-0.2843
-3.4850	-0.2873
-3.4800	-0.2884
-3.4750	-0.2888
-3.4700	-0.2891
-3.4650	-0.2891
-3.4600	-0.2892
-3.4550	-0.2896
-3.4500	-0.2899
-3.4450	-0.2901
-3.4400	-0.2908
-3.4350	-0.2924
-3.4300	-0.2946
-3.4250	-0.2972
-3.4200	-0.2988
-3.4150	-0.2988
-3.4100	-0.2981
-3.4050	-0.2968
-3.4000	-0.2954
-3.3950	-0.2933
-3.3900	-0.2915
-3.3850	-0.2897
-3.3800	-0.2883
-3.3750	-0.2879
-3.3700	-0.2876
-3.3650	-0.2877
-3.3600	-0.2880
-3.3550	-0.2885
-3.3500	-0.2890
-3.3450	-0.2896
-3.3400	-0.2900
-3.3350	-0.2902
-3.3300	-0.2910
-3.3250	-0.2923
-3.3200	-0.2942
-3.3150	-0.2955
-3.3100	-0.2958
-3.3050	-0.2954
-3.3000	-0.2946
-3.2950	-0.2939
-3.2900	-0.2932
-3.2850	-0.2927
-3.2800	-0.2924
-3.2750	-0.2926
-3.2700	-0.2931
-3.2650	-0.2943
-3.2600	-0.2958
-3.2550	-0.2968
-3.2500	-0.2977
-3.2450	-0.2982
-3.2400	-0.2986
-3.2350	-0.2986
-3.2300	-0.2982
-3.2250	-0.2983
-3.2200	-0.2988
-3.2150	-0.2998
-3.2100	-0.3005
-3.2050	-0.3009
-3.2000	-0.3002
-3.1950	-0.2991
-3.1900	-0.2981
-3.1850	-0.2970
-3.1800	-0.2963
-3.1750	-0.2959
-3.1700	-0.2953
-3.1650	-0.2948
-3.1600	-0.2950
-3.1550	-0.2956
-3.1500	-0.2963
-3.1450	-0.2970
-3.1400	-0.2976
-3.1350	-0.2978
-3.1300	-0.2980
-3.1250	-0.2983
-3.1200	-0.2986
-3.1150	-0.2991
-3.1100	-0.2996
-3.1050	-0.3005
-3.1000	-0.3013
-3.0950	-0.3018
-3.0900	-0.3021
-3.0850	-0.3021
-3.0800	-0.3026
-3.0750	-0.3030
-3.0700	-0.3031
-3.0650	-0.3027
-3.0600	-0.3022
-3.0550	-0.3020
-3.0500	-0.3016
-3.0450	-0.3012
-3.0400	-0.3005
-3.0350	-0.2999
-3.0300	-0.2998
-3.0250	-0.2994
-3.0200	-0.2991
-3.0150	-0.3003
-3.0100	-0.3011
-3.0050	-0.3005
-3.0000	-0.3001
-2.9950	-0.2997
-2.9900	-0.2997
-2.9850	-0.3003
-2.9800	-0.3010
-2.9750	-0.3024
-2.9700	-0.3034
-2.9650	-0.3038
-2.9600	-0.3040
-2.9550	-0.3041
-2.9500	-0.3041
-2.9450	-0.3039
-2.9400	-0.3037
-2.9350	-0.3031
-2.9300	-0.3024
-2.9250	-0.3019
-2.9200	-0.3015
-2.9150	-0.3013
-2.9100	-0.3020
-2.9050	-0.3034
-2.9000	-0.3046
-2.8950	-0.3058
-2.8900	-0.3066
-2.8850	-0.3069
-2.8800	-0.3075
-2.8750	-0.3080
-2.8700	-0.3086
-2.8650	-0.3089
-2.8600	-0.3089
-2.8550	-0.3091
-2.8500	-0.3099
-2.8450	-0.3109
-2.8400	-0.3118
-2.8350	-0.3124
-2.8300	-0.3126
-2.8250	-0.3127
-2.8200	-0.3126
-2.8150	-0.3120
-2.8100	-0.3115
-2.8050	-0.3112
-2.8000	-0.3108
-2.7950	-0.3105
-2.7900	-0.3106
-2.7850	-0.3114
-2.7800	-0.3124
-2.7750	-0.3138
-2.7700	-0.3148
-2.7650	-0.3150
-2.7600	-0.3149
-2.7550	-0.3149
-2.7500	-0.3150
-2.7450	-0.3149
-2.7400	-0.3148
-2.7350	-0.3148
-2.7300	-0.3146
-2.7250	-0.3144
-2.7200	-0.3137
-2.7150	-0.3129
-2.7100	-0.3123
-2.7050	-0.3116
-2.7000	-0.3112
-2.6950	-0.3110
-2.6900	-0.3110
-2.6850	-0.3107
-2.6800	-0.3107
-2.6750	-0.3111
-2.6700	-0.3117
-2.6650	-0.3123
-2.6600	-0.3128
-2.6550	-0.3128
-2.6500	-0.3126
-2.6450	-0.3122
-2.6400	-0.3116
-2.6350	-0.3112
-2.6300	-0.3109
-2.6250	-0.3105
-2.6200	-0.3100
-2.6150	-0.3093
-2.6100	-0.3089
-2.6050	-0.3093
-2.6000	-0.3106
-2.5950	-0.3120
-2.5900	-0.3133
-2.5850	-0.3141
-2.5800	-0.3142
-2.5750	-0.3142
-2.5700	-0.3142
-2.5650	-0.3141
-2.5600	-0.3141
-2.5550	-0.3142
-2.5500	-0.3135
-2.5450	-0.3124
-2.5400	-0.3111
-2.5350	-0.3097
-2.5300	-0.3089
-2.5250	-0.3095
-2.5200	-0.3107
-2.5150	-0.3122
-2.5100	-0.3133
-2.5050	-0.3143
-2.5000	-0.3150
-2.4950	-0.3159
-2.4900	-0.3167
-2.4850	-0.3171
-2.4800	-0.3182
-2.4750	-0.3197
-2.4700	-0.3212
-2.4650	-0.3221
-2.4600	-0.3221
-2.4550	-0.3216
-2.4500	-0.3208
-2.4450	-0.3204
-2.4400	-0.3202
-2.4350	-0.3204
-2.4300	-0.3206
-2.4250	-0.3208
-2.4200	-0.3205
-2.4150	-0.3200
-2.4100	-0.3194
-2.4050	-0.3186
-2.4000	-0.3177
-2.3950	-0.3169
-2.3900	-0.3157
-2.3850	-0.3147
-2.3800	-0.3152
-2.3750	-0.3169
-2.3700	-0.3189
-2.3650	-0.3215
-2.3600	-0.3236
-2.3550	-0.3247
-2.3500	-0.3255
-2.3450	-0.3260
-2.3400	-0.3263
-2.3350	-0.3264
-2.3300	-0.3263
-2.3250	-0.3253
-2.3200	-0.3240
-2.3150	-0.3228
-2.3100	-0.3217
-2.3050	-0.3213
-2.3000	-0.3213
-2.2950	-0.3211
-2.2900	-0.3206
-2.2850	-0.3197
-2.2800	-0.3187
-2.2750	-0.3177
-2.2700	-0.3166
-2.2650	-0.3159
-2.2600	-0.3160
-2.2550	-0.3164
-2.2500	-0.3167
-2.2450	-0.3194
-2.2400	-0.3225
-2.2350	-0.3220
-2.2300	-0.3216
-2.2250	-0.3214
-2.2200	-0.3222
-2.2150	-0.3234
-2.2100	-0.3246
-2.2050	-0.3252
-2.2000	-0.3254
-2.1950	-0.3253
-2.1900	-0.3254
-2.1850	-0.3256
-2.1800	-0.3264
-2.1750	-0.3270
-2.1700	-0.3273
-2.1650	-0.3277
-2.1600	-0.3280
-2.1550	-0.3281
-2.1500	-0.3282
-2.1450	-0.3283
-2.1400	-0.3281
-2.1350	-0.3278
-2.1300	-0.3276
-2.1250	-0.3273
-2.1200	-0.3272
-2.1150	-0.3273
-2.1100	-0.3275
-2.1050	-0.3278
-2.1000	-0.3276
-2.0950	-0.3274
-2.0900	-0.3275
-2.0850	-0.3279
-2.0800	-0.3283
-2.0750	-0.3285
-2.0700	-0.3290
-2.0650	-0.3295
-2.0600	-0.3300
-2.0550	-0.3304
-2.0500	-0.3301
-2.0450	-0.3295
-2.0400	-0.3289
-2.0350	-0.3278
-2.0300	-0.3270
-2.0250	-0.3270
-2.0200	-0.3269
-2.0150	-0.3272
-2.0100	-0.3276
-2.0050	-0.3285
-2.0000	-0.3295
-1.9950	-0.3313
-1.9900	-0.3330
-1.9850	-0.3342
-1.9800	-0.3353
-1.9750	-0.3358
-1.9700	-0.3355
-1.9650	-0.3345
-1.9600	-0.3331
-1.9550	-0.3312
-1.9500	-0.3293
-1.9450	-0.3283
-1.9400	-0.3281
-1.9350	-0.3285
-1.9300	-0.3295
-1.9250	-0.3303
-1.9200	-0.3305
-1.9150	-0.3308
-1.9100	-0.3311
-1.9050	-0.3315
-1.9000	-0.3319
-1.8950	-0.3323
-1.8900	-0.3327
-1.8850	-0.3332
-1.8800	-0.3334
-1.8750	-0.3337
-1.8700	-0.3340
-1.8650	-0.3341
-1.8600	-0.3340
-1.8550	-0.3338
-1.8500	-0.3340
-1.8450	-0.3346
-1.8400	-0.3354
-1.8350	-0.3362
-1.8300	-0.3370
-1.8250	-0.3373
-1.8200	-0.3375
-1.8150	-0.3374
-1.8100	-0.3369
-1.8050	-0.3366
-1.8000	-0.3366
-1.7950	-0.3363
-1.7900	-0.3358
-1.7850	-0.3356
-1.7800	-0.3355
-1.7750	-0.3358
-1.7700	-0.3362
-1.7650	-0.3366
-1.7600	-0.3370
-1.7550	-0.3373
-1.7500	-0.3374
-1.7450	-0.3373
-1.7400	-0.3373
-1.7350	-0.3375
-1.7300	-0.3385
-1.7250	-0.3399
-1.7200	-0.3404
-1.7150	-0.3397
-1.7100	-0.3384
-1.7050	-0.3360
-1.7000	-0.3336
-1.6950	-0.3320
-1.6900	-0.3314
-1.6850	-0.3317
-1.6800	-0.3326
-1.6750	-0.3339
-1.6700	-0.3351
-1.6650	-0.3365
-1.6600	-0.3378
-1.6550	-0.3389
-1.6500	-0.3399
-1.6450	-0.3404
-1.6400	-0.3408
-1.6350	-0.3412
-1.6300	-0.3416
-1.6250	-0.3416
-1.6200	-0.3413
-1.6150	-0.3408
-1.6100	-0.3402
-1.6050	-0.3398
-1.6000	-0.3396
-1.5950	-0.3403
-1.5900	-0.3416
-1.5850	-0.3435
-1.5800	-0.3452
-1.5750	-0.3460
-1.5700	-0.3469
-1.5650	-0.3477
-1.5600	-0.3477
-1.5550	-0.3474
-1.5500	-0.3468
-1.5450	-0.3466
-1.5400	-0.3468
-1.5350	-0.3470
-1.5300	-0.3471
-1.5250	-0.3470
-1.5200	-0.3463
-1.5150	-0.3454
-1.5100	-0.3445
-1.5050	-0.3438
-1.5000	-0.3435
-1.4950	-0.3433
-1.4900	-0.3433
-1.4850	-0.3436
-1.4800	-0.3439
-1.4750	-0.3442
-1.4700	-0.3440
-1.4650	-0.3440
-1.4600	-0.3443
-1.4550	-0.3447
-1.4500	-0.3451
-1.4450	-0.3452
-1.4400	-0.3452
-1.4350	-0.3450
-1.4300	-0.3447
-1.4250	-0.3440
-1.4200	-0.3431
-1.4150	-0.3422
-1.4100	-0.3416
-1.4050	-0.3421
-1.4000	-0.3431
-1.3950	-0.3441
-1.3900	-0.3450
-1.3850	-0.3457
-1.3800	-0.3461
-1.3750	-0.3464
-1.3700	-0.3466
-1.3650	-0.3471
-1.3600	-0.3479
-1.3550	-0.3487
-1.3500	-0.3496
-1.3450	-0.3503
-1.3400	-0.3505
-1.3350	-0.3505
-1.3300	-0.3504
-1.3250	-0.3503
-1.3200	-0.3502
-1.3150	-0.3503
-1.3100	-0.3506
-1.3050	-0.3511
-1.3000	-0.3517
-1.2950	-0.3522
-1.2900	-0.3526
-1.2850	-0.3524
-1.2800	-0.3519
-1.2750	-0.3514
-1.2700	-0.3511
-1.2650	-0.3507
-1.2600	-0.3503
-1.2550	-0.3494
-1.2500	-0.3485
-1.2450	-0.3473
-1.2400	-0.3466
-1.2350	-0.3465
-1.2300	-0.3465
-1.2250	-0.3465
-1.2200	-0.3461
-1.2150	-0.3456
-1.2100	-0.3454
-1.2050	-0.3456
-1.2000	-0.3458
-1.1950	-0.3459
-1.1900	-0.3463
-1.1850	-0.3469
-1.1800	-0.3477
-1.1750	-0.3486
-1.1700	-0.3492
-1.1650	-0.3500
-1.1600	-0.3508
-1.1550	-0.3518
-1.1500	-0.3533
-1.1450	-0.3546
-1.1400	-0.3558
-1.1350	-0.3566
-1.1300	-0.3567
-1.1250	-0.3571
-1.1200	-0.3576
-1.1150	-0.3583
-1.1100	-0.3591
-1.1050	-0.3595
-1.1000	-0.3594
-1.0950	-0.3589
-1.0900	-0.3585
-1.0850	-0.3581
-1.0800	-0.3579
-1.0750	-0.3583
-1.0700	-0.3595
-1.0650	-0.3613
-1.0600	-0.3623
-1.0550	-0.3627
-1.0500	-0.3630
-1.0450	-0.3629
-1.0400	-0.3622
-1.0350	-0.3604
-1.0300	-0.3587
-1.0250	-0.3581
-1.0200	-0.3581
-1.0150	-0.3584
-1.0100	-0.3594
-1.0050	-0.3607
-1.0000	-0.3617
-0.9950	-0.3627
-0.9900	-0.3633
-0.9850	-0.3633
-0.9800	-0.3633
-0.9750	-0.3634
-0.9700	-0.3636
-0.9650	-0.3639
-0.9600	-0.3643
-0.9550	-0.3651
-0.9500	-0.3657
-0.9450	-0.3656
-0.9400	-0.3651
-0.9350	-0.3647
-0.9300	-0.3647
-0.9250	-0.3652
-0.9200	-0.3659
-0.9150	-0.3661
-0.9100	-0.3660
-0.9050	-0.3655
-0.9000	-0.3652
-0.8950	-0.3652
-0.8900	-0.3658
-0.8850	-0.3661
-0.8800	-0.3660
-0.8750	-0.3650
-0.8700	-0.3634
-0.8650	-0.3622
-0.8600	-0.3609
-0.8550	-0.3602
-0.8500	-0.3601
-0.8450	-0.3605
-0.8400	-0.3616
-0.8350	-0.3629
-0.8300	-0.3640
-0.8250	-0.3642
-0.8200	-0.3642
-0.8150	-0.3637
-0.8100	-0.3629
-0.8050	-0.3622
-0.8000	-0.3623
-0.7950	-0.3633
-0.7900	-0.3644
-0.7850	-0.3654
-0.7800	-0.3659
-0.7750	-0.3657
-0.7700	-0.3650
-0.7650	-0.3640
-0.7600	-0.3632
-0.7550	-0.3625
-0.7500	-0.3623
-0.7450	-0.3623
-0.7400	-0.3626
-0.7350	-0.3628
-0.7300	-0.3635
-0.7250	-0.3646
-0.7200	-0.3654
-0.7150	-0.3661
-0.7100	-0.3664
-0.7050	-0.3670
-0.7000	-0.3677
-0.6950	-0.3682
-0.6900	-0.3686
-0.6850	-0.3688
-0.6800	-0.3689
-0.6750	-0.3689
-0.6700	-0.3686
-0.6650	-0.3683
-0.6600	-0.3682
-0.6550	-0.3686
-0.6500	-0.3692
-0.6450	-0.3697
-0.6400	-0.3703
-0.6350	-0.3706
-0.6300	-0.3704
-0.6250	-0.3696
-0.6200	-0.3685
-0.6150	-0.3679
-0.6100	-0.3673
-0.6050	-0.3673
-0.6000	-0.3685
-0.5950	-0.3698
-0.5900	-0.3705
-0.5850	-0.3705
-0.5800	-0.3700
-0.5750	-0.3696
-0.5700	-0.3695
-0.5650	-0.3697
-0.5600	-0.3705
-0.5550	-0.3718
-0.5500	-0.3733
-0.5450	-0.3747
-0.5400	-0.3756
-0.5350	-0.3757
-0.5300	-0.3756
-0.5250	-0.3756
-0.5200	-0.3759
-0.5150	-0.3768
-0.5100	-0.3782
-0.5050	-0.3798
-0.5000	-0.3810
-0.4950	-0.3813
-0.4900	-0.3810
-0.4850	-0.3800
-0.4800	-0.3788
-0.4750	-0.3779
-0.4700	-0.3759
-0.4650	-0.3736
-0.4600	-0.3716
-0.4550	-0.3704
-0.4500	-0.3697
-0.4450	-0.3702
-0.4400	-0.3711
-0.4350	-0.3718
-0.4300	-0.3728
-0.4250	-0.3740
-0.4200	-0.3752
-0.4150	-0.3764
-0.4100	-0.3769
-0.4050	-0.3761
-0.4000	-0.3740
-0.3950	-0.3712
-0.3900	-0.3694
-0.3850	-0.3686
-0.3800	-0.3692
-0.3750	-0.3697
-0.3700	-0.3699
-0.3650	-0.3697
-0.3600	-0.3696
-0.3550	-0.3694
-0.3500	-0.3692
-0.3450	-0.3692
-0.3400	-0.3694
-0.3350	-0.3699
-0.3300	-0.3703
-0.3250	-0.3718
-0.3200	-0.3737
-0.3150	-0.3752
-0.3100	-0.3771
-0.3050	-0.3788
-0.3000	-0.3793
-0.2950	-0.3796
-0.2900	-0.3794
-0.2850	-0.3789
-0.2800	-0.3783
-0.2750	-0.3774
-0.2700	-0.3764
-0.2650	-0.3756
-0.2600	-0.3756
-0.2550	-0.3758
-0.2500	-0.3763
-0.2450	-0.3767
-0.2400	-0.3769
-0.2350	-0.3771
-0.2300	-0.3773
-0.2250	-0.3775
-0.2200	-0.3782
-0.2150	-0.3788
-0.2100	-0.3791
-0.2050	-0.3794
-0.2000	-0.3798
-0.1950	-0.3803
-0.1900	-0.3813
-0.1850	-0.3825
-0.1800	-0.3832
-0.1750	-0.3836
-0.1700	-0.3836
-0.1650	-0.3834
-0.1600	-0.3828
-0.1550	-0.3823
-0.1500	-0.3815
-0.1450	-0.3807
-0.1400	-0.3800
-0.1350	-0.3795
-0.1300	-0.3793
-0.1250	-0.3790
-0.1200	-0.3788
-0.1150	-0.3786
-0.1100	-0.3790
-0.1050	-0.3797
-0.1000	-0.3806
-0.0950	-0.3817
-0.0900	-0.3822
-0.0850	-0.3828
-0.0800	-0.3830
-0.0750	-0.3836
-0.0700	-0.3843
-0.0650	-0.3848
-0.0600	-0.3854
-0.0550	-0.3861
-0.0500	-0.3863
-0.0450	-0.3865
-0.0400	-0.3867
-0.0350	-0.3867
-0.0300	-0.3867
-0.0250	-0.3865
-0.0200	-0.3859
-0.0150	-0.3852
-0.0100	-0.3848
-0.0050	-0.3843
0.0000	-0.3838
0.0050	-0.3826
0.0100	-0.3814
0.0150	-0.3812
0.0200	-0.3819
0.0250	-0.3830
0.0300	-0.3846
0.0350	-0.3860
0.0400	-0.3866
0.0450	-0.3872
0.0500	-0.3876
0.0550	-0.3881
0.0600	-0.3886
0.0650	-0.3890
0.0700	-0.3893
0.0750	-0.3896
0.0800	-0.3897
0.0850	-0.3904
0.0900	-0.3911
0.0950	-0.3913
0.1000	-0.3912
0.1050	-0.3910
0.1100	-0.3909
0.1150	-0.3911
0.1200	-0.3918
0.1250	-0.3928
0.1300	-0.3936
0.1350	-0.3919
0.1400	-0.3905
0.1450	-0.3906
0.1500	-0.3903
0.1550	-0.3897
0.1600	-0.3895
0.1650	-0.3895
0.1700	-0.3899
0.1750	-0.3908
0.1800	-0.3916
0.1850	-0.3918
0.1900	-0.3918
0.1950	-0.3915
0.2000	-0.3915
0.2050	-0.3916
0.2100	-0.3919
0.2150	-0.3923
0.2200	-0.3927
0.2250	-0.3928
0.2300	-0.3927
0.2350	-0.3925
0.2400	-0.3922
0.2450	-0.3920
0.2500	-0.3920
0.2550	-0.3922
0.2600	-0.3924
0.2650	-0.3923
0.2700	-0.3923
0.2750	-0.3924
0.2800	-0.3930
0.2850	-0.3934
0.2900	-0.3934
0.2950	-0.3932
0.3000	-0.3929
0.3050	-0.3929
0.3100	-0.3934
0.3150	-0.3945
0.3200	-0.3959
0.3250	-0.3974
0.3300	-0.3989
0.3350	-0.4006
0.3400	-0.4018
0.3450	-0.4028
0.3500	-0.4024
0.3550	-0.4007
0.3600	-0.3977
0.3650	-0.3945
0.3700	-0.3932
0.3750	-0.3925
0.3800	-0.3924
0.3850	-0.3935
0.3900	-0.3949
0.3950	-0.3960
0.4000	-0.3971
0.4050	-0.3977
0.4100	-0.3977
0.4150	-0.3976
0.4200	-0.3973
0.4250	-0.3968
0.4300	-0.3962
0.4350	-0.3957
0.4400	-0.3955
0.4450	-0.3956
0.4500	-0.3961
0.4550	-0.3970
0.4600	-0.3980
0.4650	-0.3986
0.4700	-0.3989
0.4750	-0.3988
0.4800	-0.3987
0.4850	-0.3987
0.4900	-0.3986
0.4950	-0.3982
0.5000	-0.3977
0.5050	-0.3971
0.5100	-0.3968
0.5150	-0.3972
0.5200	-0.4003
0.5250	-0.4042
0.5300	-0.4051
0.5350	-0.4050
0.5400	-0.4047
0.5450	-0.4041
0.5500	-0.4034
0.5550	-0.4029
0.5600	-0.4022
0.5650	-0.4017
0.5700	-0.4008
0.5750	-0.4002
0.5800	-0.4010
0.5850	-0.4019
0.5900	-0.4025
0.5950	-0.4030
0.6000	-0.4035
0.6050	-0.4038
0.6100	-0.4041
0.6150	-0.4044
0.6200	-0.4047
0.6250	-0.4051
0.6300	-0.4053
0.6350	-0.4053
0.6400	-0.4051
0.6450	-0.4050
0.6500	-0.4049
0.6550	-0.4047
0.6600	-0.4045
0.6650	-0.4044
0.6700	-0.4044
0.6750	-0.4043
0.6800	-0.4043
0.6850	-0.4044
0.6900	-0.4048
0.6950	-0.4052
0.7000	-0.4053
0.7050	-0.4054
0.7100	-0.4053
0.7150	-0.4055
0.7200	-0.4059
0.7250	-0.4065
0.7300	-0.4076
0.7350	-0.4084
0.7400	-0.4093
0.7450	-0.4098
0.7500	-0.4098
0.7550	-0.4094
0.7600	-0.4085
0.7650	-0.4078
0.7700	-0.4069
0.7750	-0.4062
0.7800	-0.4057
0.7850	-0.4056
0.7900	-0.4059
0.7950	-0.4066
0.8000	-0.4076
0.8050	-0.4080
0.8100	-0.4086
0.8150	-0.4089
0.8200	-0.4093
0.8250	-0.4097
0.8300	-0.4100
0.8350	-0.4103
0.8400	-0.4107
0.8450	-0.4113
0.8500	-0.4116
0.8550	-0.4116
0.8600	-0.4111
0.8650	-0.4103
0.8700	-0.4096
0.8750	-0.4089
0.8800	-0.4084
0.8850	-0.4086
0.8900	-0.4089
0.8950	-0.4093
0.9000	-0.4098
0.9050	-0.4106
0.9100	-0.4116
0.9150	-0.4127
0.9200	-0.4135
0.9250	-0.4138
0.9300	-0.4138
0.9350	-0.4136
0.9400	-0.4131
0.9450	-0.4123
0.9500	-0.4116
0.9550	-0.4107
0.9600	-0.4103
0.9650	-0.4101
0.9700	-0.4103
0.9750	-0.4107
0.9800	-0.4118
0.9850	-0.4132
0.9900	-0.4142
0.9950	-0.4154
1.0000	-0.4161
1.0050	-0.4160
1.0100	-0.4154
1.0150	-0.4143
1.0200	-0.4136
1.0250	-0.4134
1.0300	-0.4139
1.0350	-0.4147
1.0400	-0.4152
1.0450	-0.4158
1.0500	-0.4162
1.0550	-0.4166
1.0600	-0.4170
1.0650	-0.4173
1.0700	-0.4179
1.0750	-0.4185
1.0800	-0.4188
1.0850	-0.4192
1.0900	-0.4194
1.0950	-0.4194
1.1000	-0.4194
1.1050	-0.4194
1.1100	-0.4200
1.1150	-0.4207
1.1200	-0.4213
1.1250	-0.4212
1.1300	-0.4206
1.1350	-0.4198
1.1400	-0.4195
1.1450	-0.4197
1.1500	-0.4200
1.1550	-0.4201
1.1600	-0.4198
1.1650	-0.4194
1.1700	-0.4192
1.1750	-0.4204
1.1800	-0.4221
1.1850	-0.4237
1.1900	-0.4251
1.1950	-0.4260
1.2000	-0.4259
1.2050	-0.4256
1.2100	-0.4252
1.2150	-0.4249
1.2200	-0.4246
1.2250	-0.4243
1.2300	-0.4233
1.2350	-0.4220
1.2400	-0.4210
1.2450	-0.4196
1.2500	-0.4185
1.2550	-0.4174
1.2600	-0.4168
1.2650	-0.4167
1.2700	-0.4171
1.2750	-0.4177
1.2800	-0.4177
1.2850	-0.4177
1.2900	-0.4177
1.2950	-0.4178
1.3000	-0.4194
1.3050	-0.4224
1.3100	-0.4237
1.3150	-0.4229
1.3200	-0.4216
1.3250	-0.4200
1.3300	-0.4189
1.3350	-0.4178
1.3400	-0.4171
1.3450	-0.4170
1.3500	-0.4175
1.3550	-0.4185
1.3600	-0.4195
1.3650	-0.4208
1.3700	-0.4219
1.3750	-0.4230
1.3800	-0.4239
1.3850	-0.4243
1.3900	-0.4242
1.3950	-0.4240
1.4000	-0.4181
1.4050	-0.4142
1.4100	-0.4148
1.4150	-0.4153
1.4200	-0.4157
1.4250	-0.4159
1.4300	-0.4158
1.4350	-0.4166
1.4400	-0.4198
1.4450	-0.4226
1.4500	-0.4234
1.4550	-0.4242
1.4600	-0.4247
1.4650	-0.4248
1.4700	-0.4251
1.4750	-0.4255
1.4800	-0.4262
1.4850	-0.4268
1.4900	-0.4270
1.4950	-0.4270
1.5000	-0.4266
1.5050	-0.4260
1.5100	-0.4262
1.5150	-0.4273
1.5200	-0.4282
1.5250	-0.4289
1.5300	-0.4295
1.5350	-0.4296
1.5400	-0.4294
1.5450	-0.4311
1.5500	-0.4326
1.5550	-0.4329
1.5600	-0.4333
1.5650	-0.4334
1.5700	-0.4328
1.5750	-0.4318
1.5800	-0.4309
1.5850	-0.4302
1.5900	-0.4299
1.5950	-0.4299
1.6000	-0.4301
1.6050	-0.4304
1.6100	-0.4304
1.6150	-0.4302
1.6200	-0.4300
1.6250	-0.4302
1.6300	-0.4307
1.6350	-0.4312
1.6400	-0.4318
1.6450	-0.4322
1.6500	-0.4322
1.6550	-0.4319
1.6600	-0.4314
1.6650	-0.4304
1.6700	-0.4292
1.6750	-0.4282
1.6800	-0.4273
1.6850	-0.4266
1.6900	-0.4267
1.6950	-0.4273
1.7000	-0.4280
1.7050	-0.4291
1.7100	-0.4301
1.7150	-0.4306
1.7200	-0.4312
1.7250	-0.4318
1.7300	-0.4326
1.7350	-0.4338
1.7400	-0.4350
1.7450	-0.4362
1.7500	-0.4372
1.7550	-0.4375
1.7600	-0.4372
1.7650	-0.4365
1.7700	-0.4358
1.7750	-0.4351
1.7800	-0.4348
1.7850	-0.4345
1.7900	-0.4344
1.7950	-0.4342
1.8000	-0.4342
1.8050	-0.4342
1.8100	-0.4342
1.8150	-0.4347
1.8200	-0.4357
1.8250	-0.4369
1.8300	-0.4379
1.8350	-0.4380
1.8400	-0.4383
1.8450	-0.4385
1.8500	-0.4391
1.8550	-0.4397
1.8600	-0.4401
1.8650	-0.4408
1.8700	-0.4412
1.8750	-0.4407
1.8800	-0.4404
1.8850	-0.4403
1.8900	-0.4406
1.8950	-0.4408
1.9000	-0.4409
1.9050	-0.4404
1.9100	-0.4395
1.9150	-0.4395
1.9200	-0.4399
1.9250	-0.4405
1.9300	-0.4406
1.9350	-0.4408
1.9400	-0.4410
1.9450	-0.4413
1.9500	-0.4415
1.9550	-0.4412
1.9600	-0.4411
1.9650	-0.4411
1.9700	-0.4410
1.9750	-0.4408
1.9800	-0.4407
1.9850	-0.4403
1.9900	-0.4397
1.9950	-0.4395
2.0000	-0.4394
2.0050	-0.4395
2.0100	-0.4403
2.0150	-0.4409
2.0200	-0.4410
2.0250	-0.4407
2.0300	-0.4400
2.0350	-0.4395
2.0400	-0.4392
2.0450	-0.4392
2.0500	-0.4390
2.0550	-0.4392
2.0600	-0.4396
2.0650	-0.4411
2.0700	-0.4432
2.0750	-0.4443
2.0800	-0.4453
2.0850	-0.4455
2.0900	-0.4454
2.0950	-0.4451
2.1000	-0.4451
2.1050	-0.4451
2.1100	-0.4451
2.1150	-0.4450
2.1200	-0.4448
2.1250	-0.4447
2.1300	-0.4451
2.1350	-0.4457
2.1400	-0.4460
2.1450	-0.4460
2.1500	-0.4457
2.1550	-0.4452
2.1600	-0.4447
2.1650	-0.4445
2.1700	-0.4440
2.1750	-0.4438
2.1800	-0.4439
2.1850	-0.4445
2.1900	-0.4455
2.1950	-0.4463
2.2000	-0.4471
2.2050	-0.4476
2.2100	-0.4485
2.2150	-0.4495
2.2200	-0.4500
2.2250	-0.4502
2.2300	-0.4502
2.2350	-0.4498
2.2400	-0.4495
2.2450	-0.4494
2.2500	-0.4494
2.2550	-0.4495
2.2600	-0.4497
2.2650	-0.4501
2.2700	-0.4505
2.2750	-0.4508
2.2800	-0.4509
2.2850	-0.4506
2.2900	-0.4505
2.2950	-0.4505
2.3000	-0.4511
2.3050	-0.4520
2.3100	-0.4528
2.3150	-0.4540
2.3200	-0.4547
2.3250	-0.4546
2.3300	-0.4533
2.3350	-0.4512
2.3400	-0.4496
2.3450	-0.4481
2.3500	-0.4478
2.3550	-0.4495
2.3600	-0.4511
2.3650	-0.4517
2.3700	-0.4520
2.3750	-0.4522
2.3800	-0.4520
2.3850	-0.4516
2.3900	-0.4509
2.3950	-0.4503
2.4000	-0.4499
2.4050	-0.4501
2.4100	-0.4503
2.4150	-0.4505
2.4200	-0.4510
2.4250	-0.4518
2.4300	-0.4525
2.4350	-0.4530
2.4400	-0.4533
2.4450	-0.4533
2.4500	-0.4534
2.4550	-0.4534
2.4600	-0.4530
2.4650	-0.4526
2.4700	-0.4525
2.4750	-0.4527
2.4800	-0.4531
2.4850	-0.4536
2.4900	-0.4542
2.4950	-0.4547
2.5000	-0.4550
2.5050	-0.4552
2.5100	-0.4553
2.5150	-0.4558
2.5200	-0.4563
2.5250	-0.4567
2.5300	-0.4570
2.5350	-0.4571
2.5400	-0.4571
2.5450	-0.4567
2.5500	-0.4565
2.5550	-0.4576
2.5600	-0.4585
2.5650	-0.4586
2.5700	-0.4586
2.5750	-0.4583
2.5800	-0.4577
2.5850	-0.4572
2.5900	-0.4570
2.5950	-0.4573
2.6000	-0.4579
2.6050	-0.4585
2.6100	-0.4579
2.6150	-0.4572
2.6200	-0.4569
2.6250	-0.4569
2.6300	-0.4571
2.6350	-0.4571
2.6400	-0.4571
2.6450	-0.4571
2.6500	-0.4571
2.6550	-0.4574
2.6600	-0.4579
2.6650	-0.4590
2.6700	-0.4602
2.6750	-0.4610
2.6800	-0.4619
2.6850	-0.4627
2.6900	-0.4631
2.6950	-0.4631
2.7000	-0.4619
2.7050	-0.4603
2.7100	-0.4588
2.7150	-0.4584
2.7200	-0.4585
2.7250	-0.4590
2.7300	-0.4596
2.7350	-0.4601
2.7400	-0.4603
2.7450	-0.4607
2.7500	-0.4613
2.7550	-0.4617
2.7600	-0.4621
2.7650	-0.4623
2.7700	-0.4628
2.7750	-0.4634
2.7800	-0.4639
2.7850	-0.4644
2.7900	-0.4649
2.7950	-0.4651
2.8000	-0.4657
2.8050	-0.4664
2.8100	-0.4667
2.8150	-0.4666
2.8200	-0.4659
2.8250	-0.4649
2.8300	-0.4641
2.8350	-0.4638
2.8400	-0.4639
2.8450	-0.4641
2.8500	-0.4646
2.8550	-0.4651
2.8600	-0.4655
2.8650	-0.4661
2.8700	-0.4666
2.8750	-0.4665
2.8800	-0.4659
2.8850	-0.4653
2.8900	-0.4646
2.8950	-0.4640
2.9000	-0.4637
2.9050	-0.4635
2.9100	-0.4636
2.9150	-0.4638
2.9200	-0.4646
2.9250	-0.4653
2.9300	-0.4667
2.9350	-0.4681
2.9400	-0.4690
2.9450	-0.4697
2.9500	-0.4698
2.9550	-0.4692
2.9600	-0.4687
2.9650	-0.4686
2.9700	-0.4690
2.9750	-0.4692
2.9800	-0.4691
2.9850	-0.4684
2.9900	-0.4676
2.9950	-0.4667
3.0000	-0.4655
3.0050	-0.4633
3.0100	-0.4587
3.0150	-0.4570
3.0200	-0.4578
3.0250	-0.4580
3.0300	-0.4612
3.0350	-0.4671
3.0400	-0.4714
3.0450	-0.4730
3.0500	-0.4754
3.0550	-0.4772
3.0600	-0.4781
3.0650	-0.4779
3.0700	-0.4766
3.0750	-0.4749
3.0800	-0.4730
3.0850	-0.4715
3.0900	-0.4711
3.0950	-0.4707
3.1000	-0.4705
3.1050	-0.4703
3.1100	-0.4699
3.1150	-0.4695
3.1200	-0.4693
3.1250	-0.4693
3.1300	-0.4696
3.1350	-0.4702
3.1400	-0.4706
3.1450	-0.4692
3.1500	-0.4693
3.1550	-0.4717
3.1600	-0.4737
3.1650	-0.4749
3.1700	-0.4755
3.1750	-0.4762
3.1800	-0.4764
3.1850	-0.4758
3.1900	-0.4748
3.1950	-0.4737
3.2000	-0.4733
3.2050	-0.4732
3.2100	-0.4733
3.2150	-0.4731
3.2200	-0.4726
3.2250	-0.4726
3.2300	-0.4731
3.2350	-0.4741
3.2400	-0.4756
3.2450	-0.4772
3.2500	-0.4785
3.2550	-0.4801
3.2600	-0.4814
3.2650	-0.4826
3.2700	-0.4831
3.2750	-0.4827
3.2800	-0.4821
3.2850	-0.4811
3.2900	-0.4797
3.2950	-0.4773
3.3000	-0.4748
3.3050	-0.4731
3.3100	-0.4722
3.3150	-0.4723
3.3200	-0.4730
3.3250	-0.4741
3.3300	-0.4749
3.3350	-0.4758
3.3400	-0.4766
3.3450	-0.4768
3.3500	-0.4771
3.3550	-0.4773
3.3600	-0.4770
3.3650	-0.4767
3.3700	-0.4767
3.3750	-0.4772
3.3800	-0.4777
3.3850	-0.4777
3.3900	-0.4775
3.3950	-0.4771
3.4000	-0.4764
3.4050	-0.4751
3.4100	-0.4736
3.4150	-0.4720
3.4200	-0.4712
3.4250	-0.4713
3.4300	-0.4716
3.4350	-0.4720
3.4400	-0.4723
3.4450	-0.4676
3.4500	-0.4630
3.4550	-0.4630
3.4600	-0.4674
3.4650	-0.4732
3.4700	-0.4760
3.4750	-0.4777
3.4800	-0.4788
3.4850	-0.4796
3.4900	-0.4798
3.4950	-0.4798
3.5000	-0.4799
3.5050	-0.4800
3.5100	-0.4806
3.5150	-0.4814
3.5200	-0.4820
3.5250	-0.4828
3.5300	-0.4836
3.5350	-0.4848
3.5400	-0.4858
3.5450	-0.4862
3.5500	-0.4867
3.5550	-0.4873
3.5600	-0.4878
3.5650	-0.4887
3.5700	-0.4897
3.5750	-0.4909
3.5800	-0.4919
3.5850	-0.4924
3.5900	-0.4918
3.5950	-0.4902
3.6000	-0.4884
3.6050	-0.4867
3.6100	-0.4856
3.6150	-0.4854
3.6200	-0.4851
3.6250	-0.4850
3.6300	-0.4855
3.6350	-0.4865
3.6400	-0.4877
3.6450	-0.4891
3.6500	-0.4902
3.6550	-0.4900
3.6600	-0.4896
3.6650	-0.4892
3.6700	-0.4888
3.6750	-0.4885
3.6800	-0.4884
3.6850	-0.4884
3.6900	-0.4881
3.6950	-0.4870
3.7000	-0.4858
3.7050	-0.4847
3.7100	-0.4845
3.7150	-0.4848
3.7200	-0.4853
3.7250	-0.4867
3.7300	-0.4883
3.7350	-0.4899
3.7400	-0.4917
3.7450	-0.4930
3.7500	-0.4949
3.7550	-0.4967
3.7600	-0.4979
3.7650	-0.4993
3.7700	-0.5004
3.7750	-0.5007
3.7800	-0.5009
3.7850	-0.5007
3.7900	-0.5000
3.7950	-0.4989
3.8000	-0.4975
3.8050	-0.4953
3.8100	-0.4937
3.8150	-0.4933
3.8200	-0.4935
3.8250	-0.4946
3.8300	-0.4962
3.8350	-0.4982
3.8400	-0.4996
3.8450	-0.5040
3.8500	-0.5070
3.8550	-0.5023
3.8600	-0.4992
3.8650	-0.4981
3.8700	-0.4976
3.8750	-0.4973
3.8800	-0.4972
3.8850	-0.4970
3.8900	-0.4967
3.8950	-0.4965
3.9000	-0.4968
3.9050	-0.4973
3.9100	-0.4977
3.9150	-0.4981
3.9200	-0.4982
3.9250	-0.4982
3.9300	-0.4981
3.9350	-0.4979
3.9400	-0.4980
3.9450	-0.4983
3.9500	-0.4988
3.9550	-0.4994
3.9600	-0.5000
3.9650	-0.5004
3.9700	-0.5002
3.9750	-0.4997
3.9800	-0.4990
3.9850	-0.4984
3.9900	-0.4979
3.9950	-0.4964
4.0000	-0.4948
4.0050	-0.4938
4.0100	-0.4926
4.0150	-0.4918
4.0200	-0.4916
4.0250	-0.4920
4.0300	-0.4927
4.0350	-0.4933
4.0400	-0.4943
4.0450	-0.4952
4.0500	-0.4969
4.0550	-0.4981
4.0600	-0.4983
4.0650	-0.4980
4.0700	-0.4972
4.0750	-0.4962
4.0800	-0.4952
4.0850	-0.4946
4.0900	-0.4946
4.0950	-0.4948
4.1000	-0.4951
4.1050	-0.4959
4.1100	-0.4968
4.1150	-0.4977
4.1200	-0.4986
4.1250	-0.4994
4.1300	-0.4998
4.1350	-0.5003
4.1400	-0.5005
4.1450	-0.5007
4.1500	-0.5007
4.1550	-0.5005
4.1600	-0.5001
4.1650	-0.4996
4.1700	-0.4991
4.1750	-0.4986
4.1800	-0.4983
4.1850	-0.4985
4.1900	-0.4990
4.1950	-0.4998
4.2000	-0.5003
4.2050	-0.5007
4.2100	-0.5007
4.2150	-0.5008
4.2200	-0.5010
4.2250	-0.5015
4.2300	-0.5020
4.2350	-0.5022
4.2400	-0.5025
4.2450	-0.5030
4.2500	-0.5036
4.2550	-0.5046
4.2600	-0.5054
4.2650	-0.5054
4.2700	-0.5053
4.2750	-0.5051
4.2800	-0.5050
4.2850	-0.5050
4.2900	-0.5050
4.2950	-0.5041
4.3000	-0.5030
4.3050	-0.5016
4.3100	-0.5005
4.3150	-0.5000
4.3200	-0.5000
4.3250	-0.5003
4.3300	-0.5008
4.3350	-0.5013
4.3400	-0.5021
4.3450	-0.5029
4.3500	-0.5036
4.3550	-0.5045
4.3600	-0.5055
4.3650	-0.5065
4.3700	-0.5071
4.3750	-0.5073
4.3800	-0.5068
4.3850	-0.5058
4.3900	-0.5052
4.3950	-0.5056
4.4000	-0.5068
4.4050	-0.5085
4.4100	-0.5099
4.4150	-0.5105
4.4200	-0.5108
4.4250	-0.5109
4.4300	-0.5112
4.4350	-0.5112
4.4400	-0.5106
4.4450	-0.5089
4.4500	-0.5068
4.4550	-0.5056
4.4600	-0.5047
4.4650	-0.5042
4.4700	-0.5038
4.4750	-0.5036
4.4800	-0.5037
4.4850	-0.5038
4.4900	-0.5038
4.4950	-0.5037
4.5000	-0.5036
4.5050	-0.5043
4.5100	-0.5056
4.5150	-0.5078
4.5200	-0.5098
4.5250	-0.5120
4.5300	-0.5138
4.5350	-0.5147
4.5400	-0.5150
4.5450	-0.5145
4.5500	-0.5138
4.5550	-0.5129
4.5600	-0.5121
4.5650	-0.5115
4.5700	-0.5106
4.5750	-0.5099
4.5800	-0.5093
4.5850	-0.5092
4.5900	-0.5096
4.5950	-0.5106
4.6000	-0.5118
4.6050	-0.5132
4.6100	-0.5149
4.6150	-0.5162
4.6200	-0.5174
4.6250	-0.5183
4.6300	-0.5185
4.6350	-0.5192
4.6400	-0.5204
4.6450	-0.5214
4.6500	-0.5225
4.6550	-0.5231
4.6600	-0.5231
4.6650	-0.5222
4.6700	-0.5206
4.6750	-0.5179
4.6800	-0.5156
4.6850	-0.5146
4.6900	-0.5149
4.6950	-0.5158
4.7000	-0.5168
4.7050	-0.5173
4.7100	-0.5173
4.7150	-0.5165
4.7200	-0.5162
4.7250	-0.5163
4.7300	-0.5172
4.7350	-0.5184
4.7400	-0.5192
4.7450	-0.5202
4.7500	-0.5208
4.7550	-0.5207
4.7600	-0.5207
4.7650	-0.5207
4.7700	-0.5207
4.7750	-0.5203
4.7800	-0.5196
4.7850	-0.5188
4.7900	-0.5183
4.7950	-0.5182
4.8000	-0.5178
4.8050	-0.5171
4.8100	-0.5165
4.8150	-0.5163
4.8200	-0.5165
4.8250	-0.5169
4.8300	-0.5172
4.8350	-0.5174
4.8400	-0.5180
4.8450	-0.5191
4.8500	-0.5204
4.8550	-0.5222
4.8600	-0.5244
4.8650	-0.5263
4.8700	-0.5282
4.8750	-0.5290
4.8800	-0.5299
4.8850	-0.5306
4.8900	-0.5310
4.8950	-0.5311
4.9000	-0.5310
4.9050	-0.5303
4.9100	-0.5297
4.9150	-0.5295
4.9200	-0.5293
4.9250	-0.5289
4.9300	-0.5283
4.9350	-0.5276
4.9400	-0.5270
4.9450	-0.5270
4.9500	-0.5274
4.9550	-0.5279
4.9600	-0.5281
4.9650	-0.5284
4.9700	-0.5284
4.9750	-0.5286
4.9800	-0.5288
4.9850	-0.5290
4.9900	-0.5294
4.9950	-0.5298
5.0000	-0.5301
5.0050	-0.5303
5.0100	-0.5305
5.0150	-0.5307
5.0200	-0.5313
5.0250	-0.5321
5.0300	-0.5327
5.0350	-0.5332
5.0400	-0.5333
5.0450	-0.5336
5.0500	-0.5338
5.0550	-0.5338
5.0600	-0.5337
5.0650	-0.5337
5.0700	-0.5344
5.0750	-0.5352
5.0800	-0.5355
5.0850	-0.5356
5.0900	-0.5354
5.0950	-0.5350
5.1000	-0.5352
5.1050	-0.5359
5.1100	-0.5365
5.1150	-0.5367
5.1200	-0.5359
5.1250	-0.5345
5.1300	-0.5335
5.1350	-0.5335
5.1400	-0.5343
5.1450	-0.5351
5.1500	-0.5351
5.1550	-0.5349
5.1600	-0.5346
5.1650	-0.5346
5.1700	-0.5349
5.1750	-0.5353
5.1800	-0.5353
5.1850	-0.5355
5.1900	-0.5359
5.1950	-0.5364
5.2000	-0.5368
5.2050	-0.5371
5.2100	-0.5372
5.2150	-0.5371
5.2200	-0.5371
5.2250	-0.5373
5.2300	-0.5375
5.2350	-0.5385
5.2400	-0.5393
5.2450	-0.5397
5.2500	-0.5399
5.2550	-0.5400
5.2600	-0.5400
5.2650	-0.5400
5.2700	-0.5401
5.2750	-0.5401
5.2800	-0.5398
5.2850	-0.5392
5.2900	-0.5388
5.2950	-0.5388
5.3000	-0.5392
5.3050	-0.5398
5.3100	-0.5405
5.3150	-0.5413
5.3200	-0.5421
5.3250	-0.5425
5.3300	-0.5426
5.3350	-0.5426
5.3400	-0.5426
5.3450	-0.5425
5.3500	-0.5425
5.3550	-0.5425
5.3600	-0.5428
5.3650	-0.5431
5.3700	-0.5432
5.3750	-0.5433
5.3800	-0.5433
5.3850	-0.5433
5.3900	-0.5433
5.3950	-0.5434
5.4000	-0.5435
5.4050	-0.5436
5.4100	-0.5438
5.4150	-0.5440
5.4200	-0.5442
5.4250	-0.5443
5.4300	-0.5445
5.4350	-0.5446
5.4400	-0.5446
5.4450	-0.5447
5.4500	-0.5449
5.4550	-0.5451
5.4600	-0.5454
5.4650	-0.5457
5.4700	-0.5465
5.4750	-0.5474
5.4800	-0.5476
5.4850	-0.5475
5.4900	-0.5473
5.4950	-0.5472
5.5000	-0.5470
5.5050	-0.5468
5.5100	-0.5466
5.5150	-0.5467
5.5200	-0.5471
5.5250	-0.5474
5.5300	-0.5478
5.5350	-0.5482
5.5400	-0.5486
5.5450	-0.5488
5.5500	-0.5486
5.5550	-0.5483
5.5600	-0.5480
5.5650	-0.5476
5.5700	-0.5472
5.5750	-0.5471
5.5800	-0.5474
5.5850	-0.5478
5.5900	-0.5480
5.5950	-0.5480
5.6000	-0.5480
5.6050	-0.5478
5.6100	-0.5475
5.6150	-0.5472
5.6200	-0.5470
5.6250	-0.5471
5.6300	-0.5474
5.6350	-0.5480
5.6400	-0.5486
5.6450	-0.5490
5.6500	-0.5491
5.6550	-0.5490
5.6600	-0.5490
5.6650	-0.5490
5.6700	-0.5490
5.6750	-0.5492
5.6800	-0.5496
5.6850	-0.5502
5.6900	-0.5503
5.6950	-0.5500
5.7000	-0.5492
5.7050	-0.5489
5.7100	-0.5491
5.7150	-0.5494
5.7200	-0.5499
5.7250	-0.5504
5.7300	-0.5509
5.7350	-0.5513
5.7400	-0.5515
5.7450	-0.5519
5.7500	-0.5523
5.7550	-0.5524
5.7600	-0.5522
5.7650	-0.5518
5.7700	-0.5519
5.7750	-0.5522
5.7800	-0.5525
5.7850	-0.5526
5.7900	-0.5527
5.7950	-0.5528
5.8000	-0.5530
5.8050	-0.5534
5.8100	-0.5539
5.8150	-0.5538
5.8200	-0.5532
5.8250	-0.5531
5.8300	-0.5530
5.8350	-0.5530
5.8400	-0.5529
5.8450	-0.5532
5.8500	-0.5541
5.8550	-0.5550
5.8600	-0.5558
5.8650	-0.5560
5.8700	-0.5561
5.8750	-0.5561
5.8800	-0.5560
5.8850	-0.5554
5.8900	-0.5545
5.8950	-0.5535
5.9000	-0.5528
5.9050	-0.5526
5.9100	-0.5535
5.9150	-0.5548
5.9200	-0.5558
5.9250	-0.5564
5.9300	-0.5564
5.9350	-0.5560
5.9400	-0.5553
5.9450	-0.5546
5.9500	-0.5542
5.9550	-0.5543
5.9600	-0.5547
5.9650	-0.5555
5.9700	-0.5562
5.9750	-0.5565
5.9800	-0.5568
5.9850	-0.5570
5.9900	-0.5572
5.9950	-0.5577
6.0000	-0.5581
6.0050	-0.5589
6.0100	-0.5595
6.0150	-0.5597
6.0200	-0.5599
6.0250	-0.5600
6.0300	-0.5597
6.0350	-0.5596
6.0400	-0.5599
6.0450	-0.5599
6.0500	-0.5600
6.0550	-0.5601
6.0600	-0.5604
6.0650	-0.5612
6.0700	-0.5621
6.0750	-0.5627
6.0800	-0.5629
6.0850	-0.5625
6.0900	-0.5616
6.0950	-0.5608
6.1000	-0.5607
6.1050	-0.5609
6.1100	-0.5613
6.1150	-0.5617
6.1200	-0.5621
6.1250	-0.5624
6.1300	-0.5628
6.1350	-0.5631
6.1400	-0.5633
6.1450	-0.5637
6.1500	-0.5640
6.1550	-0.5641
6.1600	-0.5646
6.1650	-0.5650
6.1700	-0.5656
6.1750	-0.5658
6.1800	-0.5656
6.1850	-0.5648
6.1900	-0.5641
6.1950	-0.5638
6.2000	-0.5637
6.2050	-0.5637
6.2100	-0.5637
6.2150	-0.5637
6.2200	-0.5639
6.2250	-0.5646
6.2300	-0.5653
6.2350	-0.5657
6.2400	-0.5660
6.2450	-0.5661
6.2500	-0.5658
6.2550	-0.5657
6.2600	-0.5659
6.2650	-0.5662
6.2700	-0.5671
6.2750	-0.5681
6.2800	-0.5687
6.2850	-0.5688
6.2900	-0.5683
6.2950	-0.5674
6.3000	-0.5674
6.3050	-0.5683
6.3100	-0.5696
6.3150	-0.5707
6.3200	-0.5712
6.3250	-0.5719
6.3300	-0.5724
6.3350	-0.5722
6.3400	-0.5713
6.3450	-0.5700
6.3500	-0.5692
6.3550	-0.5690
6.3600	-0.5694
6.3650	-0.5702
6.3700	-0.5709
6.3750	-0.5710
6.3800	-0.5707
6.3850	-0.5701
6.3900	-0.5699
6.3950	-0.5700
6.4000	-0.5705
6.4050	-0.5716
6.4100	-0.5728
6.4150	-0.5734
6.4200	-0.5736
6.4250	-0.5731
6.4300	-0.5723
6.4350	-0.5714
6.4400	-0.5705
6.4450	-0.5704
6.4500	-0.5705
6.4550	-0.5706
6.4600	-0.5703
6.4650	-0.5699
6.4700	-0.5697
6.4750	-0.5694
6.4800	-0.5690
6.4850	-0.5688
6.4900	-0.5689
6.4950	-0.5697
6.5000	-0.5708
6.5050	-0.5724
6.5100	-0.5740
6.5150	-0.5746
6.5200	-0.5750
6.5250	-0.5749
6.5300	-0.5743
6.5350	-0.5738
6.5400	-0.5735
6.5450	-0.5742
6.5500	-0.5752
6.5550	-0.5759
6.5600	-0.5763
6.5650	-0.5764
6.5700	-0.5766
6.5750	-0.5769
6.5800	-0.5772
6.5850	-0.5776
6.5900	-0.5780
6.5950	-0.5780
6.6000	-0.5782
6.6050	-0.5785
6.6100	-0.5788
6.6150	-0.5786
6.6200	-0.5783
6.6250	-0.5774
6.6300	-0.5770
6.6350	-0.5772
6.6400	-0.5772
6.6450	-0.5769
6.6500	-0.5762
6.6550	-0.5751
6.6600	-0.5743
6.6650	-0.5743
6.6700	-0.5750
6.6750	-0.5762
6.6800	-0.5776
6.6850	-0.5791
6.6900	-0.5800
6.6950	-0.5805
6.7000	-0.5805
6.7050	-0.5801
6.7100	-0.5797
6.7150	-0.5794
6.7200	-0.5796
6.7250	-0.5803
6.7300	-0.5809
6.7350	-0.5810
6.7400	-0.5812
6.7450	-0.5812
6.7500	-0.5814
6.7550	-0.5815
6.7600	-0.5816
6.7650	-0.5816
6.7700	-0.5817
6.7750	-0.5820
6.7800	-0.5824
6.7850	-0.5829
6.7900	-0.5833
6.7950	-0.5841
6.8000	-0.5849
6.8050	-0.5858
6.8100	-0.5864
6.8150	-0.5867
6.8200	-0.5867
6.8250	-0.5864
6.8300	-0.5856
6.8350	-0.5844
6.8400	-0.5830
6.8450	-0.5820
6.8500	-0.5816
6.8550	-0.5819
6.8600	-0.5824
6.8650	-0.5831
6.8700	-0.5834
6.8750	-0.5837
6.8800	-0.5841
6.8850	-0.5846
6.8900	-0.5847
6.8950	-0.5844
6.9000	-0.5841
6.9050	-0.5842
6.9100	-0.5847
6.9150	-0.5853
6.9200	-0.5864
6.9250	-0.5875
6.9300	-0.5878
6.9350	-0.5877
6.9400	-0.5875
6.9450	-0.5867
6.9500	-0.5853
6.9550	-0.5838
6.9600	-0.5836
6.9650	-0.5837
6.9700	-0.5840
6.9750	-0.5841
6.9800	-0.5843
6.9850	-0.5845
6.9900	-0.5850
6.9950	-0.5858
7.0000	-0.5867
7.0050	-0.5876
7.0100	-0.5880
7.0150	-0.5880
7.0200	-0.5877
7.0250	-0.5877
7.0300	-0.5876
7.0350	-0.5877
7.0400	-0.5883
7.0450	-0.5891
7.0500	-0.5894
7.0550	-0.5898
7.0600	-0.5899
7.0650	-0.5897
7.0700	-0.5895
7.0750	-0.5895
7.0800	-0.5900
7.0850	-0.5904
7.0900	-0.5906
7.0950	-0.5900
7.1000	-0.5892
7.1050	-0.5888
7.1100	-0.5900
7.1150	-0.5916
7.1200	-0.5927
7.1250	-0.5935
7.1300	-0.5937
7.1350	-0.5935
7.1400	-0.5929
7.1450	-0.5922
7.1500	-0.5922
7.1550	-0.5927
7.1600	-0.5941
7.1650	-0.5957
7.1700	-0.5970
7.1750	-0.5971
7.1800	-0.5969
7.1850	-0.5963
7.1900	-0.5955
7.1950	-0.5948
7.2000	-0.5945
7.2050	-0.5947
7.2100	-0.5949
7.2150	-0.5948
7.2200	-0.5938
7.2250	-0.5928
7.2300	-0.5923
7.2350	-0.5921
7.2400	-0.5923
7.2450	-0.5929
7.2500	-0.5937
7.2550	-0.5946
7.2600	-0.5949
7.2650	-0.5954
7.2700	-0.5958
7.2750	-0.5959
7.2800	-0.5957
7.2850	-0.5952
7.2900	-0.5943
7.2950	-0.5939
7.3000	-0.5941
7.3050	-0.5948
7.3100	-0.5957
7.3150	-0.5965
7.3200	-0.5976
7.3250	-0.5984
7.3300	-0.5995
7.3350	-0.6002
7.3400	-0.6003
7.3450	-0.6003
7.3500	-0.6003
7.3550	-0.6005
7.3600	-0.6006
7.3650	-0.6002
7.3700	-0.5988
7.3750	-0.5971
7.3800	-0.5960
7.3850	-0.5968
7.3900	-0.5978
7.3950	-0.5983
7.4000	-0.5986
7.4050	-0.5987
7.4100	-0.5987
7.4150	-0.5991
7.4200	-0.5999
7.4250	-0.6009
7.4300	-0.6024
7.4350	-0.6039
7.4400	-0.6047
7.4450	-0.6046
7.4500	-0.6031
7.4550	-0.6016
7.4600	-0.6008
7.4650	-0.6009
7.4700	-0.6011
7.4750	-0.6011
7.4800	-0.6005
7.4850	-0.5996
7.4900	-0.5991
7.4950	-0.6000
7.5000	-0.6018
7.5050	-0.6035
7.5100	-0.6032
7.5150	-0.6024
7.5200	-0.6020
7.5250	-0.5998
7.5300	-0.5988
7.5350	-0.5999
7.5400	-0.5994
7.5450	-0.5984
7.5500	-0.5985
7.5550	-0.5999
7.5600	-0.6017
7.5650	-0.6040
7.5700	-0.6048
7.5750	-0.6004
7.5800	-0.6013
7.5850	-0.6035
7.5900	-0.6040
7.5950	-0.6064
7.6000	-0.6093
7.6050	-0.6063
7.6100	-0.6044
7.6150	-0.6057
7.6200	-0.6102
7.6250	-0.6144
7.6300	-0.6110
7.6350	-0.6079
7.6400	-0.6076
7.6450	-0.6106
7.6500	-0.6103
7.6550	-0.6053
7.6600	-0.6060
7.6650	-0.6092
7.6700	-0.6131
7.6750	-0.6121
7.6800	-10000.0000
7.6850	-10000.0000
7.6900	-10000.0000
7.6950	-10000.0000
7.7000	-10000.0000
7.7050	-10000.0000
7.7100	-10000.0000
7.7150	-10000.0000
7.7200	-10000.0000
7.7250	-10000.0000
7.7300	-10000.0000
7.7350	-10000.0000
7.7400	-10000.0000
7.7450	-10000.0000
7.7500	-10000.0000
7.7550	-10000.0000
7.7600	-10000.0000
7.7650	-10000.0000
7.7700	-10000.0000
7.7750	-10000.0000
7.7800	-10000.0000
7.7850	-10000.0000
7.7900	-10000.0000
7.7950	-10000.0000
7.8000	-10000.0000
7.8050	-10000.0000
7.8100	-10000.0000
7.8150	-10000.0000
7.8200	-10000.0000
7.8250	-10000.0000
7.8300	-10000.0000
7.8350	-10000.0000
7.8400	-10000.0000
7.8450	-10000.0000
7.8500	-10000.0000
7.8550	-10000.0000
7.8600	-10000.0000
7.8650	-10000.0000
7.8700	-10000.0000
7.8750	-10000.0000
7.8800	-10000.0000
7.8850	-10000.0000
7.8900	-10000.0000
7.8950	-10000.0000
7.9000	-10000.0000
7.9050	-10000.0000
7.9100	-10000.0000
7.9150	-10000.0000
7.9200	-10000.0000
7.9250	-10000.0000
7.9300	-10000.0000
7.9350	-10000.0000
7.9400	-10000.0000
7.9450	-10000.0000
7.9500	-10000.0000
7.9550	-10000.0000
7.9600	-10000.0000
7.9650	-10000.0000
7.9700	-10000.0000
7.9750	-10000.0000
7.9800	-10000.0000
7.9850	-10000.0000
7.9900	-10000.0000
7.9950	-10000.0000
