-8.0000	-10000.0000
-7.9950	-10000.0000
-7.9900	-10000.0000
-7.9850	-10000.0000
-7.9800	-10000.0000
-7.9750	-10000.0000
-7.9700	-10000.0000
-7.9650	-10000.0000
-7.9600	-10000.0000
-7.9550	-10000.0000
-7.9500	-10000.0000
-7.9450	-10000.0000
-7.9400	-10000.0000
-7.9350	-10000.0000
-7.9300	-10000.0000
-7.9250	-10000.0000
-7.9200	-10000.0000
-7.9150	-10000.0000
-7.9100	-10000.0000
-7.9050	-10000.0000
-7.9000	-10000.0000
-7.8950	-10000.0000
-7.8900	-10000.0000
-7.8850	-10000.0000
-7.8800	-10000.0000
-7.8750	-10000.0000
-7.8700	-10000.0000
-7.8650	-10000.0000
-7.8600	-10000.0000
-7.8550	-10000.0000
-7.8500	-10000.0000
-7.8450	-10000.0000
-7.8400	-10000.0000
-7.8350	-10000.0000
-7.8300	-10000.0000
-7.8250	-10000.0000
-7.8200	-10000.0000
-7.8150	-10000.0000
-7.8100	-10000.0000
-7.8050	-10000.0000
-7.8000	-10000.0000
-7.7950	-10000.0000
-7.7900	-10000.0000
-7.7850	-10000.0000
-7.7800	-10000.0000
-7.7750	-10000.0000
-7.7700	-10000.0000
-7.7650	-10000.0000
-7.7600	-10000.0000
-7.7550	-10000.0000
-7.7500	-10000.0000
-7.7450	-10000.0000
-7.7400	-10000.0000
-7.7350	-10000.0000
-7.7300	-10000.0000
-7.7250	-10000.0000
-7.7200	-10000.0000
-7.7150	-10000.0000
-7.7100	-10000.0000
-7.7050	-0.7068
-7.7000	-0.7078
-7.6950	-0.7059
-7.6900	-0.7044
-7.6850	-0.7042
-7.6800	-0.7039
-7.6750	-0.7035
-7.6700	-0.7029
-7.6650	-0.7023
-7.6600	-0.7023
-7.6550	-0.7017
-7.6500	-0.7011
-7.6450	-0.7011
-7.6400	-0.7004
-7.6350	-0.6994
-7.6300	-0.6981
-7.6250	-0.6974
-7.6200	-0.6986
-7.6150	-0.6991
-7.6100	-0.7067
-7.6050	-0.7384
-7.6000	-0.7333
-7.5950	-0.7203
-7.5900	-0.7074
-7.5850	-0.6946
-7.5800	-0.6952
-7.5750	-0.6958
-7.5700	-0.6959
-7.5650	-0.6945
-7.5600	-0.6933
-7.5550	-0.6943
-7.5500	-0.6950
-7.5450	-0.6949
-7.5400	-0.6938
-7.5350	-0.6929
-7.5300	-0.6928
-7.5250	-0.6915
-7.5200	-0.6900
-7.5150	-0.6893
-7.5100	-0.6930
-7.5050	-0.7009
-7.5000	-0.7011
-7.4950	-0.7025
-7.4900	-0.7126
-7.4850	-0.7270
-7.4800	-0.7242
-7.4750	-0.7212
-7.4700	-0.7193
-7.4650	-0.7164
-7.4600	-0.7140
-7.4550	-0.7138
-7.4500	-0.7131
-7.4450	-0.7123
-7.4400	-0.7112
-7.4350	-0.7102
-7.4300	-0.7097
-7.4250	-0.7095
-7.4200	-0.7096
-7.4150	-0.7100
-7.4100	-0.7104
-7.4050	-0.7105
-7.4000	-0.7097
-7.3950	-0.7080
-7.3900	-0.7060
-7.3850	-0.7036
-7.3800	-0.7021
-7.3750	-0.7017
-7.3700	-0.7022
-7.3650	-0.7042
-7.3600	-0.7144
-7.3550	-0.7245
-7.3500	-0.7263
-7.3450	-0.7264
-7.3400	-0.7262
-7.3350	-0.7260
-7.3300	-0.7255
-7.3250	-0.7247
-7.3200	-0.7237
-7.3150	-0.7176
-7.3100	-0.7103
-7.3050	-0.7026
-7.3000	-0.7015
-7.2950	-0.7003
-7.2900	-0.6996
-7.2850	-0.7018
-7.2800	-0.7040
-7.2750	-0.7049
-7.2700	-0.7051
-7.2650	-0.7049
-7.2600	-0.7038
-7.2550	-0.7030
-7.2500	-0.7031
-7.2450	-0.7020
-7.2400	-0.7004
-7.2350	-0.6984
-7.2300	-0.6966
-7.2250	-0.6960
-7.2200	-0.6959
-7.2150	-0.6959
-7.2100	-0.6956
-7.2050	-0.6946
-7.2000	-0.6935
-7.1950	-0.6925
-7.1900	-0.6918
-7.1850	-0.6917
-7.1800	-0.6911
-7.1750	-0.6903
-7.1700	-0.6889
-7.1650	-0.6876
-7.1600	-0.6868
-7.1550	-0.6831
-7.1500	-0.6788
-7.1450	-0.6761
-7.1400	-0.6754
-7.1350	-0.7006
-7.1300	-0.6994
-7.1250	-0.6992
-7.1200	-0.6999
-7.1150	-0.7003
-7.1100	-0.7004
-7.1050	-0.7001
-7.1000	-0.6995
-7.0950	-0.6989
-7.0900	-0.6989
-7.0850	-0.6991
-7.0800	-0.6995
-7.0750	-0.6993
-7.0700	-0.6991
-7.0650	-0.6990
-7.0600	-0.6990
-7.0550	-0.6990
-7.0500	-0.6987
-7.0450	-0.6979
-7.0400	-0.6970
-7.0350	-0.6959
-7.0300	-0.6947
-7.0250	-0.6940
-7.0200	-0.6926
-7.0150	-0.6909
-7.0100	-0.6879
-7.0050	-0.6852
-7.0000	-0.6823
-6.9950	-0.6794
-6.9900	-0.6769
-6.9850	-0.6870
-6.9800	-0.6965
-6.9750	-0.6931
-6.9700	-0.6925
-6.9650	-0.6927
-6.9600	-0.6927
-6.9550	-0.6924
-6.9500	-0.6921
-6.9450	-0.6913
-6.9400	-0.6905
-6.9350	-0.6898
-6.9300	-0.6889
-6.9250	-0.6882
-6.9200	-0.6870
-6.9150	-0.6862
-6.9100	-0.6860
-6.9050	-0.6864
-6.9000	-0.6875
-6.8950	-0.6885
-6.8900	-0.7269
-6.8850	-0.7252
-6.8800	-0.7181
-6.8750	-0.7097
-6.8700	-0.7010
-6.8650	-0.7000
-6.8600	-0.6988
-6.8550	-0.6979
-6.8500	-0.6972
-6.8450	-0.6963
-6.8400	-0.6955
-6.8350	-0.6942
-6.8300	-0.6930
-6.8250	-0.6922
-6.8200	-0.6914
-6.8150	-0.6907
-6.8100	-0.6890
-6.8050	-0.6872
-6.8000	-0.6846
-6.7950	-0.6819
-6.7900	-0.6799
-6.7850	-0.6785
-6.7800	-0.6789
-6.7750	-0.6799
-6.7700	-0.6811
-6.7650	-0.6814
-6.7600	-0.6819
-6.7550	-0.6826
-6.7500	-0.6834
-6.7450	-0.6843
-6.7400	-0.6849
-6.7350	-0.6866
-6.7300	-0.6889
-6.7250	-0.6911
-6.7200	-0.6936
-6.7150	-0.6953
-6.7100	-0.6957
-6.7050	-0.6956
-6.7000	-0.6956
-6.6950	-0.6959
-6.6900	-0.6963
-6.6850	-0.6964
-6.6800	-0.6960
-6.6750	-0.6955
-6.6700	-0.6953
-6.6650	-0.6950
-6.6600	-0.6948
-6.6550	-0.6948
-6.6500	-0.6950
-6.6450	-0.6952
-6.6400	-0.6961
-6.6350	-0.6968
-6.6300	-0.6972
-6.6250	-0.6971
-6.6200	-0.6969
-6.6150	-0.6969
-6.6100	-0.6966
-6.6050	-0.6962
-6.6000	-0.6955
-6.5950	-0.6948
-6.5900	-0.6943
-6.5850	-0.6939
-6.5800	-0.6940
-6.5750	-0.6950
-6.5700	-0.6954
-6.5650	-0.6953
-6.5600	-0.6945
-6.5550	-0.6937
-6.5500	-0.6932
-6.5450	-0.6930
-6.5400	-0.6928
-6.5350	-0.6923
-6.5300	-0.6918
-6.5250	-0.6917
-6.5200	-0.6921
-6.5150	-0.6925
-6.5100	-0.6924
-6.5050	-0.6917
-6.5000	-0.6910
-6.4950	-0.6905
-6.4900	-0.6906
-6.4850	-0.6911
-6.4800	-0.6917
-6.4750	-0.6922
-6.4700	-0.6923
-6.4650	-0.6924
-6.4600	-0.6924
-6.4550	-0.6919
-6.4500	-0.6913
-6.4450	-0.6908
-6.4400	-0.6908
-6.4350	-0.6911
-6.4300	-0.6913
-6.4250	-0.6912
-6.4200	-0.6907
-6.4150	-0.6903
-6.4100	-0.6905
-6.4050	-0.6920
-6.4000	-0.6935
-6.3950	-0.6942
-6.3900	-0.6936
-6.3850	-0.6926
-6.3800	-0.6919
-6.3750	-0.6910
-6.3700	-0.6902
-6.3650	-0.6896
-6.3600	-0.6892
-6.3550	-0.6891
-6.3500	-0.6887
-6.3450	-0.6887
-6.3400	-0.6892
-6.3350	-0.6893
-6.3300	-0.6891
-6.3250	-0.6887
-6.3200	-0.6884
-6.3150	-0.6882
-6.3100	-0.6886
-6.3050	-0.6892
-6.3000	-0.6898
-6.2950	-0.6897
-6.2900	-0.6890
-6.2850	-0.6888
-6.2800	-0.6887
-6.2750	-0.6888
-6.2700	-0.6885
-6.2650	-0.6882
-6.2600	-0.6885
-6.2550	-0.6890
-6.2500	-0.6895
-6.2450	-0.6901
-6.2400	-0.6904
-6.2350	-0.6905
-6.2300	-0.6905
-6.2250	-0.6904
-6.2200	-0.6898
-6.2150	-0.6894
-6.2100	-0.6892
-6.2050	-0.6886
-6.2000	-0.6883
-6.1950	-0.6884
-6.1900	-0.6886
-6.1850	-0.6887
-6.1800	-0.6886
-6.1750	-0.6884
-6.1700	-0.6883
-6.1650	-0.6884
-6.1600	-0.6886
-6.1550	-0.6887
-6.1500	-0.6887
-6.1450	-0.6888
-6.1400	-0.6890
-6.1350	-0.6892
-6.1300	-0.6892
-6.1250	-0.6888
-6.1200	-0.6883
-6.1150	-0.6881
-6.1100	-0.6880
-6.1050	-0.6879
-6.1000	-0.6878
-6.0950	-0.6875
-6.0900	-0.6872
-6.0850	-0.6871
-6.0800	-0.6873
-6.0750	-0.6879
-6.0700	-0.6888
-6.0650	-0.6895
-6.0600	-0.6893
-6.0550	-0.6888
-6.0500	-0.6884
-6.0450	-0.6883
-6.0400	-0.6883
-6.0350	-0.6886
-6.0300	-0.6891
-6.0250	-0.6896
-6.0200	-0.6901
-6.0150	-0.6904
-6.0100	-0.6904
-6.0050	-0.6896
-6.0000	-0.6887
-5.9950	-0.6880
-5.9900	-0.6871
-5.9850	-0.6863
-5.9800	-0.6860
-5.9750	-0.6859
-5.9700	-0.6859
-5.9650	-0.6858
-5.9600	-0.6857
-5.9550	-0.6860
-5.9500	-0.6867
-5.9450	-0.6875
-5.9400	-0.6877
-5.9350	-0.6876
-5.9300	-0.6870
-5.9250	-0.6865
-5.9200	-0.6863
-5.9150	-0.6861
-5.9100	-0.6857
-5.9050	-0.6852
-5.9000	-0.6844
-5.8950	-0.6839
-5.8900	-0.6841
-5.8850	-0.6845
-5.8800	-0.6850
-5.8750	-0.6852
-5.8700	-0.6852
-5.8650	-0.6847
-5.8600	-0.6838
-5.8550	-0.6830
-5.8500	-0.6825
-5.8450	-0.6822
-5.8400	-0.6821
-5.8350	-0.6825
-5.8300	-0.6831
-5.8250	-0.6833
-5.8200	-0.6832
-5.8150	-0.6828
-5.8100	-0.6823
-5.8050	-0.6819
-5.8000	-0.6818
-5.7950	-0.6820
-5.7900	-0.6826
-5.7850	-0.6832
-5.7800	-0.6838
-5.7750	-0.6838
-5.7700	-0.6836
-5.7650	-0.6831
-5.7600	-0.6827
-5.7550	-0.6821
-5.7500	-0.6817
-5.7450	-0.6814
-5.7400	-0.6819
-5.7350	-0.6830
-5.7300	-0.6836
-5.7250	-0.6834
-5.7200	-0.6819
-5.7150	-0.6807
-5.7100	-0.6803
-5.7050	-0.6811
-5.7000	-0.6826
-5.6950	-0.6838
-5.6900	-0.6842
-5.6850	-0.6841
-5.6800	-0.6838
-5.6750	-0.6835
-5.6700	-0.6833
-5.6650	-0.6832
-5.6600	-0.6831
-5.6550	-0.6831
-5.6500	-0.6829
-5.6450	-0.6823
-5.6400	-0.6816
-5.6350	-0.6808
-5.6300	-0.6801
-5.6250	-0.6796
-5.6200	-0.6793
-5.6150	-0.6796
-5.6100	-0.6800
-5.6050	-0.6805
-5.6000	-0.6810
-5.5950	-0.6815
-5.5900	-0.6820
-5.5850	-0.6821
-5.5800	-0.6817
-5.5750	-0.6807
-5.5700	-0.6799
-5.5650	-0.6795
-5.5600	-0.6796
-5.5550	-0.6798
-5.5500	-0.6800
-5.5450	-0.6805
-5.5400	-0.6809
-5.5350	-0.6808
-5.5300	-0.6804
-5.5250	-0.6799
-5.5200	-0.6792
-5.5150	-0.6785
-5.5100	-0.6782
-5.5050	-0.6776
-5.5000	-0.6771
-5.4950	-0.6774
-5.4900	-0.6777
-5.4850	-0.6777
-5.4800	-0.6774
-5.4750	-0.6769
-5.4700	-0.6766
-5.4650	-0.6764
-5.4600	-0.6765
-5.4550	-0.6770
-5.4500	-0.6772
-5.4450	-0.6769
-5.4400	-0.6758
-5.4350	-0.6745
-5.4300	-0.6740
-5.4250	-0.6738
-5.4200	-0.6743
-5.4150	-0.6753
-5.4100	-0.6764
-5.4050	-0.6771
-5.4000	-0.6772
-5.3950	-0.6767
-5.3900	-0.6762
-5.3850	-0.6755
-5.3800	-0.6751
-5.3750	-0.6748
-5.3700	-0.6746
-5.3650	-0.6742
-5.3600	-0.6739
-5.3550	-0.6740
-5.3500	-0.6746
-5.3450	-0.6749
-5.3400	-0.6747
-5.3350	-0.6741
-5.3300	-0.6735
-5.3250	-0.6739
-5.3200	-0.6744
-5.3150	-0.6751
-5.3100	-0.6756
-5.3050	-0.6758
-5.3000	-0.6754
-5.2950	-0.6747
-5.2900	-0.6739
-5.2850	-0.6737
-5.2800	-0.6735
-5.2750	-0.6735
-5.2700	-0.6731
-5.2650	-0.6728
-5.2600	-0.6729
-5.2550	-0.6732
-5.2500	-0.6736
-5.2450	-0.6738
-5.2400	-0.6740
-5.2350	-0.6741
-5.2300	-0.6740
-5.2250	-0.6738
-5.2200	-0.6736
-5.2150	-0.6733
-5.2100	-0.6731
-5.2050	-0.6729
-5.2000	-0.6728
-5.1950	-0.6729
-5.1900	-0.6726
-5.1850	-0.6722
-5.1800	-0.6712
-5.1750	-0.6708
-5.1700	-0.6712
-5.1650	-0.6723
-5.1600	-0.6735
-5.1550	-0.6738
-5.1500	-0.6737
-5.1450	-0.6733
-5.1400	-0.6726
-5.1350	-0.6719
-5.1300	-0.6714
-5.1250	-0.6710
-5.1200	-0.6708
-5.1150	-0.6712
-5.1100	-0.6714
-5.1050	-0.6714
-5.1000	-0.6709
-5.0950	-0.6704
-5.0900	-0.6702
-5.0850	-0.6701
-5.0800	-0.6702
-5.0750	-0.6702
-5.0700	-0.6703
-5.0650	-0.6704
-5.0600	-0.6702
-5.0550	-0.6697
-5.0500	-0.6689
-5.0450	-0.6680
-5.0400	-0.6676
-5.0350	-0.6675
-5.0300	-0.6675
-5.0250	-0.6677
-5.0200	-0.6676
-5.0150	-0.6674
-5.0100	-0.6672
-5.0050	-0.6673
-5.0000	-0.6678
-4.9950	-0.6685
-4.9900	-0.6691
-4.9850	-0.6694
-4.9800	-0.6694
-4.9750	-0.6693
-4.9700	-0.6689
-4.9650	-0.6683
-4.9600	-0.6678
-4.9550	-0.6673
-4.9500	-0.6669
-4.9450	-0.6664
-4.9400	-0.6655
-4.9350	-0.6648
-4.9300	-0.6644
-4.9250	-0.6643
-4.9200	-0.6651
-4.9150	-0.6659
-4.9100	-0.6665
-4.9050	-0.6673
-4.9000	-0.6680
-4.8950	-0.6683
-4.8900	-0.6684
-4.8850	-0.6683
-4.8800	-0.6680
-4.8750	-0.6677
-4.8700	-0.6677
-4.8650	-0.6680
-4.8600	-0.6682
-4.8550	-0.6684
-4.8500	-0.6685
-4.8450	-0.6684
-4.8400	-0.6682
-4.8350	-0.6677
-4.8300	-0.6670
-4.8250	-0.6660
-4.8200	-0.6653
-4.8150	-0.6654
-4.8100	-0.6658
-4.8050	-0.6663
-4.8000	-0.6664
-4.7950	-0.6664
-4.7900	-0.6664
-4.7850	-0.6663
-4.7800	-0.6661
-4.7750	-0.6660
-4.7700	-0.6657
-4.7650	-0.6654
-4.7600	-0.6649
-4.7550	-0.6646
-4.7500	-0.6647
-4.7450	-0.6649
-4.7400	-0.6649
-4.7350	-0.6646
-4.7300	-0.6640
-4.7250	-0.6635
-4.7200	-0.6629
-4.7150	-0.6625
-4.7100	-0.6624
-4.7050	-0.6625
-4.7000	-0.6629
-4.6950	-0.6632
-4.6900	-0.6634
-4.6850	-0.6634
-4.6800	-0.6636
-4.6750	-0.6638
-4.6700	-0.6637
-4.6650	-0.6635
-4.6600	-0.6634
-4.6550	-0.6633
-4.6500	-0.6631
-4.6450	-0.6630
-4.6400	-0.6629
-4.6350	-0.6628
-4.6300	-0.6629
-4.6250	-0.6630
-4.6200	-0.6630
-4.6150	-0.6630
-4.6100	-0.6630
-4.6050	-0.6630
-4.6000	-0.6632
-4.5950	-0.6633
-4.5900	-0.6634
-4.5850	-0.6634
-4.5800	-0.6631
-4.5750	-0.6628
-4.5700	-0.6625
-4.5650	-0.6627
-4.5600	-0.6629
-4.5550	-0.6630
-4.5500	-0.6622
-4.5450	-0.6613
-4.5400	-0.6607
-4.5350	-0.6606
-4.5300	-0.6607
-4.5250	-0.6606
-4.5200	-0.6603
-4.5150	-0.6600
-4.5100	-0.6599
-4.5050	-0.6601
-4.5000	-0.6601
-4.4950	-0.6598
-4.4900	-0.6593
-4.4850	-0.6590
-4.4800	-0.6588
-4.4750	-0.6591
-4.4700	-0.6593
-4.4650	-0.6594
-4.4600	-0.6588
-4.4550	-0.6581
-4.4500	-0.6578
-4.4450	-0.6577
-4.4400	-0.6580
-4.4350	-0.6583
-4.4300	-0.6587
-4.4250	-0.6591
-4.4200	-0.6596
-4.4150	-0.6602
-4.4100	-0.6607
-4.4050	-0.6614
-4.4000	-0.6618
-4.3950	-0.6614
-4.3900	-0.6607
-4.3850	-0.6601
-4.3800	-0.6596
-4.3750	-0.6591
-4.3700	-0.6589
-4.3650	-0.6586
-4.3600	-0.6585
-4.3550	-0.6579
-4.3500	-0.6573
-4.3450	-0.6569
-4.3400	-0.6564
-4.3350	-0.6563
-4.3300	-0.6565
-4.3250	-0.6567
-4.3200	-0.6568
-4.3150	-0.6569
-4.3100	-0.6570
-4.3050	-0.6572
-4.3000	-0.6572
-4.2950	-0.6570
-4.2900	-0.6568
-4.2850	-0.6566
-4.2800	-0.6564
-4.2750	-0.6560
-4.2700	-0.6558
-4.2650	-0.6558
-4.2600	-0.6558
-4.2550	-0.6558
-4.2500	-0.6558
-4.2450	-0.6558
-4.2400	-0.6560
-4.2350	-0.6564
-4.2300	-0.6570
-4.2250	-0.6572
-4.2200	-0.6572
-4.2150	-0.6569
-4.2100	-0.6561
-4.2050	-0.6553
-4.2000	-0.6551
-4.1950	-0.6553
-4.1900	-0.6557
-4.1850	-0.6560
-4.1800	-0.6561
-4.1750	-0.6561
-4.1700	-0.6559
-4.1650	-0.6554
-4.1600	-0.6547
-4.1550	-0.6541
-4.1500	-0.6538
-4.1450	-0.6540
-4.1400	-0.6542
-4.1350	-0.6545
-4.1300	-0.6541
-4.1250	-0.6534
-4.1200	-0.6526
-4.1150	-0.6523
-4.1100	-0.6527
-4.1050	-0.6533
-4.1000	-0.6539
-4.0950	-0.6538
-4.0900	-0.6535
-4.0850	-0.6533
-4.0800	-0.6529
-4.0750	-0.6525
-4.0700	-0.6522
-4.0650	-0.6521
-4.0600	-0.6522
-4.0550	-0.6526
-4.0500	-0.6530
-4.0450	-0.6532
-4.0400	-0.6533
-4.0350	-0.6530
-4.0300	-0.6528
-4.0250	-0.6526
-4.0200	-0.6526
-4.0150	-0.6527
-4.0100	-0.6527
-4.0050	-0.6525
-4.0000	-0.6522
-3.9950	-0.6520
-3.9900	-0.6515
-3.9850	-0.6509
-3.9800	-0.6504
-3.9750	-0.6496
-3.9700	-0.6487
-3.9650	-0.6482
-3.9600	-0.6478
-3.9550	-0.6477
-3.9500	-0.6478
-3.9450	-0.6480
-3.9400	-0.6482
-3.9350	-0.6486
-3.9300	-0.6490
-3.9250	-0.6492
-3.9200	-0.6495
-3.9150	-0.6499
-3.9100	-0.6503
-3.9050	-0.6506
-3.9000	-0.6506
-3.8950	-0.6505
-3.8900	-0.6504
-3.8850	-0.6504
-3.8800	-0.6505
-3.8750	-0.6506
-3.8700	-0.6509
-3.8650	-0.6512
-3.8600	-0.6509
-3.8550	-0.6501
-3.8500	-0.6492
-3.8450	-0.6481
-3.8400	-0.6472
-3.8350	-0.6468
-3.8300	-0.6467
-3.8250	-0.6468
-3.8200	-0.6470
-3.8150	-0.6471
-3.8100	-0.6471
-3.8050	-0.6478
-3.8000	-0.6490
-3.7950	-0.6500
-3.7900	-0.6509
-3.7850	-0.6511
-3.7800	-0.6510
-3.7750	-0.6508
-3.7700	-0.6507
-3.7650	-0.6504
-3.7600	-0.6501
-3.7550	-0.6491
-3.7500	-0.6481
-3.7450	-0.6475
-3.7400	-0.6469
-3.7350	-0.6466
-3.7300	-0.6466
-3.7250	-0.6466
-3.7200	-0.6466
-3.7150	-0.6465
-3.7100	-0.6464
-3.7050	-0.6464
-3.7000	-0.6462
-3.6950	-0.6459
-3.6900	-0.6453
-3.6850	-0.6448
-3.6800	-0.6446
-3.6750	-0.6445
-3.6700	-0.6446
-3.6650	-0.6446
-3.6600	-0.6443
-3.6550	-0.6441
-3.6500	-0.6439
-3.6450	-0.6440
-3.6400	-0.6445
-3.6350	-0.6450
-3.6300	-0.6454
-3.6250	-0.6455
-3.6200	-0.6455
-3.6150	-0.6456
-3.6100	-0.6459
-3.6050	-0.6461
-3.6000	-0.6458
-3.5950	-0.6453
-3.5900	-0.6450
-3.5850	-0.6453
-3.5800	-0.6459
-3.5750	-0.6463
-3.5700	-0.6461
-3.5650	-0.6457
-3.5600	-0.6451
-3.5550	-0.6446
-3.5500	-0.6444
-3.5450	-0.6443
-3.5400	-0.6443
-3.5350	-0.6442
-3.5300	-0.6439
-3.5250	-0.6435
-3.5200	-0.6437
-3.5150	-0.6439
-3.5100	-0.6439
-3.5050	-0.6437
-3.5000	-0.6434
-3.4950	-0.6430
-3.4900	-0.6427
-3.4850	-0.6423
-3.4800	-0.6416
-3.4750	-0.6407
-3.4700	-0.6404
-3.4650	-0.6405
-3.4600	-0.6411
-3.4550	-0.6414
-3.4500	-0.6415
-3.4450	-0.6412
-3.4400	-0.6410
-3.4350	-0.6409
-3.4300	-0.6409
-3.4250	-0.6410
-3.4200	-0.6410
-3.4150	-0.6411
-3.4100	-0.6412
-3.4050	-0.6414
-3.4000	-0.6414
-3.3950	-0.6412
-3.3900	-0.6409
-3.3850	-0.6409
-3.3800	-0.6415
-3.3750	-0.6423
-3.3700	-0.6428
-3.3650	-0.6428
-3.3600	-0.6426
-3.3550	-0.6423
-3.3500	-0.6417
-3.3450	-0.6412
-3.3400	-0.6410
-3.3350	-0.6410
-3.3300	-0.6411
-3.3250	-0.6412
-3.3200	-0.6414
-3.3150	-0.6415
-3.3100	-0.6413
-3.3050	-0.6408
-3.3000	-0.6405
-3.2950	-0.6401
-3.2900	-0.6400
-3.2850	-0.6399
-3.2800	-0.6400
-3.2750	-0.6401
-3.2700	-0.6403
-3.2650	-0.6404
-3.2600	-0.6405
-3.2550	-0.6404
-3.2500	-0.6399
-3.2450	-0.6397
-3.2400	-0.6398
-3.2350	-0.6401
-3.2300	-0.6403
-3.2250	-0.6403
-3.2200	-0.6398
-3.2150	-0.6392
-3.2100	-0.6390
-3.2050	-0.6390
-3.2000	-0.6390
-3.1950	-0.6393
-3.1900	-0.6393
-3.1850	-0.6389
-3.1800	-0.6382
-3.1750	-0.6374
-3.1700	-0.6369
-3.1650	-0.6369
-3.1600	-0.6372
-3.1550	-0.6373
-3.1500	-0.6370
-3.1450	-0.6364
-3.1400	-0.6356
-3.1350	-0.6351
-3.1300	-0.6348
-3.1250	-0.6347
-3.1200	-0.6347
-3.1150	-0.6347
-3.1100	-0.6347
-3.1050	-0.6344
-3.1000	-0.6343
-3.0950	-0.6344
-3.0900	-0.6346
-3.0850	-0.6348
-3.0800	-0.6348
-3.0750	-0.6350
-3.0700	-0.6351
-3.0650	-0.6357
-3.0600	-0.6362
-3.0550	-0.6365
-3.0500	-0.6369
-3.0450	-0.6371
-3.0400	-0.6368
-3.0350	-0.6365
-3.0300	-0.6362
-3.0250	-0.6360
-3.0200	-0.6357
-3.0150	-0.6352
-3.0100	-0.6348
-3.0050	-0.6347
-3.0000	-0.6347
-2.9950	-0.6347
-2.9900	-0.6347
-2.9850	-0.6345
-2.9800	-0.6340
-2.9750	-0.6333
-2.9700	-0.6325
-2.9650	-0.6322
-2.9600	-0.6323
-2.9550	-0.6328
-2.9500	-0.6331
-2.9450	-0.6336
-2.9400	-0.6341
-2.9350	-0.6343
-2.9300	-0.6343
-2.9250	-0.6339
-2.9200	-0.6336
-2.9150	-0.6334
-2.9100	-0.6334
-2.9050	-0.6335
-2.9000	-0.6335
-2.8950	-0.6332
-2.8900	-0.6328
-2.8850	-0.6326
-2.8800	-0.6324
-2.8750	-0.6324
-2.8700	-0.6327
-2.8650	-0.6331
-2.8600	-0.6332
-2.8550	-0.6329
-2.8500	-0.6325
-2.8450	-0.6319
-2.8400	-0.6312
-2.8350	-0.6306
-2.8300	-0.6300
-2.8250	-0.6297
-2.8200	-0.6298
-2.8150	-0.6297
-2.8100	-0.6293
-2.8050	-0.6292
-2.8000	-0.6293
-2.7950	-0.6297
-2.7900	-0.6300
-2.7850	-0.6302
-2.7800	-0.6302
-2.7750	-0.6301
-2.7700	-0.6301
-2.7650	-0.6305
-2.7600	-0.6309
-2.7550	-0.6309
-2.7500	-0.6304
-2.7450	-0.6294
-2.7400	-0.6286
-2.7350	-0.6279
-2.7300	-0.6275
-2.7250	-0.6273
-2.7200	-0.6273
-2.7150	-0.6279
-2.7100	-0.6284
-2.7050	-0.6288
-2.7000	-0.6286
-2.6950	-0.6283
-2.6900	-0.6283
-2.6850	-0.6283
-2.6800	-0.6285
-2.6750	-0.6285
-2.6700	-0.6284
-2.6650	-0.6283
-2.6600	-0.6283
-2.6550	-0.6284
-2.6500	-0.6287
-2.6450	-0.6290
-2.6400	-0.6290
-2.6350	-0.6291
-2.6300	-0.6290
-2.6250	-0.6287
-2.6200	-0.6283
-2.6150	-0.6282
-2.6100	-0.6283
-2.6050	-0.6284
-2.6000	-0.6284
-2.5950	-0.6280
-2.5900	-0.6276
-2.5850	-0.6270
-2.5800	-0.6268
-2.5750	-0.6270
-2.5700	-0.6270
-2.5650	-0.6268
-2.5600	-0.6264
-2.5550	-0.6260
-2.5500	-0.6258
-2.5450	-0.6258
-2.5400	-0.6258
-2.5350	-0.6258
-2.5300	-0.6259
-2.5250	-0.6260
-2.5200	-0.6262
-2.5150	-0.6262
-2.5100	-0.6261
-2.5050	-0.6259
-2.5000	-0.6257
-2.4950	-0.6255
-2.4900	-0.6253
-2.4850	-0.6253
-2.4800	-0.6254
-2.4750	-0.6254
-2.4700	-0.6254
-2.4650	-0.6252
-2.4600	-0.6250
-2.4550	-0.6249
-2.4500	-0.6250
-2.4450	-0.6252
-2.4400	-0.6254
-2.4350	-0.6256
-2.4300	-0.6256
-2.4250	-0.6255
-2.4200	-0.6255
-2.4150	-0.6253
-2.4100	-0.6250
-2.4050	-0.6249
-2.4000	-0.6247
-2.3950	-0.6247
-2.3900	-0.6245
-2.3850	-0.6241
-2.3800	-0.6237
-2.3750	-0.6233
-2.3700	-0.6230
-2.3650	-0.6230
-2.3600	-0.6229
-2.3550	-0.6228
-2.3500	-0.6226
-2.3450	-0.6224
-2.3400	-0.6223
-2.3350	-0.6223
-2.3300	-0.6224
-2.3250	-0.6225
-2.3200	-0.6226
-2.3150	-0.6226
-2.3100	-0.6223
-2.3050	-0.6221
-2.3000	-0.6218
-2.2950	-0.6215
-2.2900	-0.6214
-2.2850	-0.6212
-2.2800	-0.6211
-2.2750	-0.6211
-2.2700	-0.6212
-2.2650	-0.6214
-2.2600	-0.6216
-2.2550	-0.6217
-2.2500	-0.6214
-2.2450	-0.6212
-2.2400	-0.6210
-2.2350	-0.6208
-2.2300	-0.6205
-2.2250	-0.6205
-2.2200	-0.6206
-2.2150	-0.6209
-2.2100	-0.6209
-2.2050	-0.6211
-2.2000	-0.6212
-2.1950	-0.6212
-2.1900	-0.6213
-2.1850	-0.6215
-2.1800	-0.6219
-2.1750	-0.6222
-2.1700	-0.6220
-2.1650	-0.6216
-2.1600	-0.6213
-2.1550	-0.6209
-2.1500	-0.6205
-2.1450	-0.6199
-2.1400	-0.6192
-2.1350	-0.6187
-2.1300	-0.6184
-2.1250	-0.6182
-2.1200	-0.6184
-2.1150	-0.6188
-2.1100	-0.6191
-2.1050	-0.6188
-2.1000	-0.6184
-2.0950	-0.6183
-2.0900	-0.6183
-2.0850	-0.6186
-2.0800	-0.6189
-2.0750	-0.6193
-2.0700	-0.6197
-2.0650	-0.6195
-2.0600	-0.6190
-2.0550	-0.6185
-2.0500	-0.6179
-2.0450	-0.6176
-2.0400	-0.6174
-2.0350	-0.6174
-2.0300	-0.6176
-2.0250	-0.6182
-2.0200	-0.6188
-2.0150	-0.6186
-2.0100	-0.6179
-2.0050	-0.6170
-2.0000	-0.6163
-1.9950	-0.6158
-1.9900	-0.6158
-1.9850	-0.6159
-1.9800	-0.6160
-1.9750	-0.6163
-1.9700	-0.6165
-1.9650	-0.6165
-1.9600	-0.6164
-1.9550	-0.6162
-1.9500	-0.6161
-1.9450	-0.6161
-1.9400	-0.6162
-1.9350	-0.6166
-1.9300	-0.6172
-1.9250	-0.6174
-1.9200	-0.6174
-1.9150	-0.6173
-1.9100	-0.6167
-1.9050	-0.6161
-1.9000	-0.6157
-1.8950	-0.6153
-1.8900	-0.6151
-1.8850	-0.6147
-1.8800	-0.6144
-1.8750	-0.6143
-1.8700	-0.6140
-1.8650	-0.6136
-1.8600	-0.6133
-1.8550	-0.6129
-1.8500	-0.6126
-1.8450	-0.6126
-1.8400	-0.6128
-1.8350	-0.6133
-1.8300	-0.6138
-1.8250	-0.6141
-1.8200	-0.6145
-1.8150	-0.6147
-1.8100	-0.6148
-1.8050	-0.6149
-1.8000	-0.6149
-1.7950	-0.6146
-1.7900	-0.6141
-1.7850	-0.6137
-1.7800	-0.6133
-1.7750	-0.6129
-1.7700	-0.6128
-1.7650	-0.6128
-1.7600	-0.6129
-1.7550	-0.6129
-1.7500	-0.6128
-1.7450	-0.6125
-1.7400	-0.6122
-1.7350	-0.6121
-1.7300	-0.6121
-1.7250	-0.6123
-1.7200	-0.6124
-1.7150	-0.6122
-1.7100	-0.6118
-1.7050	-0.6111
-1.7000	-0.6107
-1.6950	-0.6107
-1.6900	-0.6108
-1.6850	-0.6111
-1.6800	-0.6112
-1.6750	-0.6112
-1.6700	-0.6112
-1.6650	-0.6110
-1.6600	-0.6108
-1.6550	-0.6108
-1.6500	-0.6110
-1.6450	-0.6112
-1.6400	-0.6116
-1.6350	-0.6122
-1.6300	-0.6126
-1.6250	-0.6130
-1.6200	-0.6130
-1.6150	-0.6125
-1.6100	-0.6115
-1.6050	-0.6104
-1.6000	-0.6098
-1.5950	-0.6095
-1.5900	-0.6097
-1.5850	-0.6100
-1.5800	-0.6100
-1.5750	-0.6096
-1.5700	-0.6090
-1.5650	-0.6086
-1.5600	-0.6081
-1.5550	-0.6078
-1.5500	-0.6078
-1.5450	-0.6079
-1.5400	-0.6081
-1.5350	-0.6085
-1.5300	-0.6087
-1.5250	-0.6088
-1.5200	-0.6089
-1.5150	-0.6088
-1.5100	-0.6086
-1.5050	-0.6086
-1.5000	-0.6088
-1.4950	-0.6093
-1.4900	-0.6097
-1.4850	-0.6096
-1.4800	-0.6093
-1.4750	-0.6090
-1.4700	-0.6085
-1.4650	-0.6080
-1.4600	-0.6075
-1.4550	-0.6070
-1.4500	-0.6066
-1.4450	-0.6064
-1.4400	-0.6061
-1.4350	-0.6061
-1.4300	-0.6064
-1.4250	-0.6067
-1.4200	-0.6071
-1.4150	-0.6073
-1.4100	-0.6075
-1.4050	-0.6071
-1.4000	-0.6067
-1.3950	-0.6065
-1.3900	-0.6065
-1.3850	-0.6065
-1.3800	-0.6066
-1.3750	-0.6068
-1.3700	-0.6069
-1.3650	-0.6071
-1.3600	-0.6073
-1.3550	-0.6073
-1.3500	-0.6075
-1.3450	-0.6077
-1.3400	-0.6081
-1.3350	-0.6082
-1.3300	-0.6080
-1.3250	-0.6076
-1.3200	-0.6071
-1.3150	-0.6065
-1.3100	-0.6059
-1.3050	-0.6055
-1.3000	-0.6056
-1.2950	-0.6057
-1.2900	-0.6060
-1.2850	-0.6064
-1.2800	-0.6067
-1.2750	-0.6068
-1.2700	-0.6065
-1.2650	-0.6061
-1.2600	-0.6055
-1.2550	-0.6050
-1.2500	-0.6047
-1.2450	-0.6044
-1.2400	-0.6043
-1.2350	-0.6047
-1.2300	-0.6054
-1.2250	-0.6061
-1.2200	-0.6067
-1.2150	-0.6070
-1.2100	-0.6065
-1.2050	-0.6058
-1.2000	-0.6054
-1.1950	-0.6051
-1.1900	-0.6049
-1.1850	-0.6048
-1.1800	-0.6047
-1.1750	-0.6047
-1.1700	-0.6046
-1.1650	-0.6046
-1.1600	-0.6047
-1.1550	-0.6045
-1.1500	-0.6042
-1.1450	-0.6032
-1.1400	-0.6026
-1.1350	-0.6025
-1.1300	-0.6024
-1.1250	-0.6023
-1.1200	-0.6021
-1.1150	-0.6017
-1.1100	-0.6013
-1.1050	-0.6007
-1.1000	-0.6001
-1.0950	-0.5997
-1.0900	-0.5994
-1.0850	-0.5993
-1.0800	-0.5994
-1.0750	-0.5996
-1.0700	-0.6001
-1.0650	-0.6006
-1.0600	-0.6010
-1.0550	-0.6012
-1.0500	-0.6013
-1.0450	-0.6014
-1.0400	-0.6015
-1.0350	-0.6014
-1.0300	-0.6014
-1.0250	-0.6015
-1.0200	-0.6016
-1.0150	-0.6014
-1.0100	-0.6011
-1.0050	-0.6007
-1.0000	-0.6005
-0.9950	-0.6004
-0.9900	-0.6002
-0.9850	-0.6000
-0.9800	-0.5998
-0.9750	-0.5995
-0.9700	-0.5993
-0.9650	-0.5995
-0.9600	-0.5999
-0.9550	-0.6005
-0.9500	-0.6007
-0.9450	-0.6007
-0.9400	-0.6004
-0.9350	-0.6000
-0.9300	-0.5996
-0.9250	-0.5994
-0.9200	-0.5992
-0.9150	-0.5988
-0.9100	-0.5985
-0.9050	-0.5982
-0.9000	-0.5981
-0.8950	-0.5980
-0.8900	-0.5980
-0.8850	-0.5978
-0.8800	-0.5974
-0.8750	-0.5969
-0.8700	-0.5965
-0.8650	-0.5964
-0.8600	-0.5967
-0.8550	-0.5971
-0.8500	-0.5973
-0.8450	-0.5974
-0.8400	-0.5973
-0.8350	-0.5974
-0.8300	-0.5976
-0.8250	-0.5978
-0.8200	-0.5978
-0.8150	-0.5977
-0.8100	-0.5978
-0.8050	-0.5982
-0.8000	-0.5985
-0.7950	-0.5986
-0.7900	-0.5984
-0.7850	-0.5981
-0.7800	-0.5975
-0.7750	-0.5968
-0.7700	-0.5966
-0.7650	-0.5964
-0.7600	-0.5964
-0.7550	-0.5965
-0.7500	-0.5967
-0.7450	-0.5970
-0.7400	-0.5974
-0.7350	-0.5979
-0.7300	-0.5981
-0.7250	-0.5982
-0.7200	-0.5981
-0.7150	-0.5978
-0.7100	-0.5975
-0.7050	-0.5973
-0.7000	-0.5970
-0.6950	-0.5967
-0.6900	-0.5967
-0.6850	-0.5969
-0.6800	-0.5973
-0.6750	-0.5973
-0.6700	-0.5971
-0.6650	-0.5961
-0.6600	-0.5953
-0.6550	-0.5953
-0.6500	-0.5953
-0.6450	-0.5954
-0.6400	-0.5955
-0.6350	-0.5955
-0.6300	-0.5955
-0.6250	-0.5955
-0.6200	-0.5955
-0.6150	-0.5954
-0.6100	-0.5953
-0.6050	-0.5953
-0.6000	-0.5952
-0.5950	-0.5950
-0.5900	-0.5950
-0.5850	-0.5951
-0.5800	-0.5953
-0.5750	-0.5954
-0.5700	-0.5954
-0.5650	-0.5953
-0.5600	-0.5953
-0.5550	-0.5953
-0.5500	-0.5953
-0.5450	-0.5953
-0.5400	-0.5953
-0.5350	-0.5947
-0.5300	-0.5941
-0.5250	-0.5939
-0.5200	-0.5937
-0.5150	-0.5935
-0.5100	-0.5934
-0.5050	-0.5931
-0.5000	-0.5927
-0.4950	-0.5923
-0.4900	-0.5920
-0.4850	-0.5918
-0.4800	-0.5916
-0.4750	-0.5916
-0.4700	-0.5917
-0.4650	-0.5918
-0.4600	-0.5918
-0.4550	-0.5920
-0.4500	-0.5923
-0.4450	-0.5927
-0.4400	-0.5929
-0.4350	-0.5929
-0.4300	-0.5927
-0.4250	-0.5924
-0.4200	-0.5924
-0.4150	-0.5925
-0.4100	-0.5925
-0.4050	-0.5923
-0.4000	-0.5919
-0.3950	-0.5914
-0.3900	-0.5905
-0.3850	-0.5897
-0.3800	-0.5893
-0.3750	-0.5892
-0.3700	-0.5894
-0.3650	-0.5900
-0.3600	-0.5905
-0.3550	-0.5907
-0.3500	-0.5906
-0.3450	-0.5903
-0.3400	-0.5895
-0.3350	-0.5887
-0.3300	-0.5882
-0.3250	-0.5878
-0.3200	-0.5876
-0.3150	-0.5879
-0.3100	-0.5885
-0.3050	-0.5890
-0.3000	-0.5895
-0.2950	-0.5902
-0.2900	-0.5908
-0.2850	-0.5912
-0.2800	-0.5913
-0.2750	-0.5911
-0.2700	-0.5906
-0.2650	-0.5900
-0.2600	-0.5894
-0.2550	-0.5891
-0.2500	-0.5892
-0.2450	-0.5895
-0.2400	-0.5898
-0.2350	-0.5900
-0.2300	-0.5900
-0.2250	-0.5896
-0.2200	-0.5889
-0.2150	-0.5884
-0.2100	-0.5880
-0.2050	-0.5879
-0.2000	-0.5878
-0.1950	-0.5876
-0.1900	-0.5875
-0.1850	-0.5875
-0.1800	-0.5875
-0.1750	-0.5877
-0.1700	-0.5878
-0.1650	-0.5879
-0.1600	-0.5879
-0.1550	-0.5877
-0.1500	-0.5873
-0.1450	-0.5866
-0.1400	-0.5860
-0.1350	-0.5858
-0.1300	-0.5857
-0.1250	-0.5859
-0.1200	-0.5858
-0.1150	-0.5855
-0.1100	-0.5853
-0.1050	-0.5854
-0.1000	-0.5858
-0.0950	-0.5863
-0.0900	-0.5863
-0.0850	-0.5860
-0.0800	-0.5851
-0.0750	-0.5842
-0.0700	-0.5836
-0.0650	-0.5828
-0.0600	-0.5823
-0.0550	-0.5823
-0.0500	-0.5824
-0.0450	-0.5825
-0.0400	-0.5828
-0.0350	-0.5830
-0.0300	-0.5831
-0.0250	-0.5833
-0.0200	-0.5834
-0.0150	-0.5832
-0.0100	-0.5830
-0.0050	-0.5829
0.0000	-0.5828
0.0050	-0.5828
0.0100	-0.5827
0.0150	-0.5826
0.0200	-0.5826
0.0250	-0.5831
0.0300	-0.5833
0.0350	-0.5832
0.0400	-0.5829
0.0450	-0.5826
0.0500	-0.5822
0.0550	-0.5819
0.0600	-0.5818
0.0650	-0.5818
0.0700	-0.5819
0.0750	-0.5821
0.0800	-0.5820
0.0850	-0.5819
0.0900	-0.5818
0.0950	-0.5815
0.1000	-0.5813
0.1050	-0.5809
0.1100	-0.5803
0.1150	-0.5801
0.1200	-0.5800
0.1250	-0.5801
0.1300	-0.5805
0.1350	-0.5810
0.1400	-0.5812
0.1450	-0.5812
0.1500	-0.5809
0.1550	-0.5806
0.1600	-0.5805
0.1650	-0.5806
0.1700	-0.5806
0.1750	-0.5806
0.1800	-0.5803
0.1850	-0.5798
0.1900	-0.5793
0.1950	-0.5790
0.2000	-0.5789
0.2050	-0.5787
0.2100	-0.5787
0.2150	-0.5787
0.2200	-0.5791
0.2250	-0.5796
0.2300	-0.5799
0.2350	-0.5800
0.2400	-0.5800
0.2450	-0.5798
0.2500	-0.5795
0.2550	-0.5794
0.2600	-0.5793
0.2650	-0.5793
0.2700	-0.5792
0.2750	-0.5791
0.2800	-0.5791
0.2850	-0.5791
0.2900	-0.5790
0.2950	-0.5788
0.3000	-0.5783
0.3050	-0.5777
0.3100	-0.5777
0.3150	-0.5778
0.3200	-0.5779
0.3250	-0.5780
0.3300	-0.5779
0.3350	-0.5778
0.3400	-0.5776
0.3450	-0.5773
0.3500	-0.5773
0.3550	-0.5772
0.3600	-0.5769
0.3650	-0.5768
0.3700	-0.5766
0.3750	-0.5763
0.3800	-0.5761
0.3850	-0.5760
0.3900	-0.5762
0.3950	-0.5766
0.4000	-0.5768
0.4050	-0.5768
0.4100	-0.5766
0.4150	-0.5764
0.4200	-0.5763
0.4250	-0.5764
0.4300	-0.5764
0.4350	-0.5764
0.4400	-0.5761
0.4450	-0.5759
0.4500	-0.5758
0.4550	-0.5759
0.4600	-0.5759
0.4650	-0.5758
0.4700	-0.5755
0.4750	-0.5752
0.4800	-0.5751
0.4850	-0.5750
0.4900	-0.5750
0.4950	-0.5749
0.5000	-0.5747
0.5050	-0.5747
0.5100	-0.5746
0.5150	-0.5742
0.5200	-0.5738
0.5250	-0.5732
0.5300	-0.5727
0.5350	-0.5726
0.5400	-0.5728
0.5450	-0.5734
0.5500	-0.5741
0.5550	-0.5745
0.5600	-0.5746
0.5650	-0.5745
0.5700	-0.5741
0.5750	-0.5737
0.5800	-0.5733
0.5850	-0.5733
0.5900	-0.5733
0.5950	-0.5732
0.6000	-0.5730
0.6050	-0.5729
0.6100	-0.5727
0.6150	-0.5727
0.6200	-0.5727
0.6250	-0.5731
0.6300	-0.5735
0.6350	-0.5735
0.6400	-0.5732
0.6450	-0.5725
0.6500	-0.5719
0.6550	-0.5714
0.6600	-0.5712
0.6650	-0.5712
0.6700	-0.5712
0.6750	-0.5709
0.6800	-0.5706
0.6850	-0.5702
0.6900	-0.5702
0.6950	-0.5701
0.7000	-0.5701
0.7050	-0.5696
0.7100	-0.5691
0.7150	-0.5688
0.7200	-0.5689
0.7250	-0.5692
0.7300	-0.5700
0.7350	-0.5706
0.7400	-0.5708
0.7450	-0.5710
0.7500	-0.5712
0.7550	-0.5713
0.7600	-0.5714
0.7650	-0.5715
0.7700	-0.5713
0.7750	-0.5709
0.7800	-0.5705
0.7850	-0.5700
0.7900	-0.5696
0.7950	-0.5696
0.8000	-0.5695
0.8050	-0.5694
0.8100	-0.5695
0.8150	-0.5696
0.8200	-0.5697
0.8250	-0.5697
0.8300	-0.5696
0.8350	-0.5692
0.8400	-0.5686
0.8450	-0.5682
0.8500	-0.5679
0.8550	-0.5676
0.8600	-0.5672
0.8650	-0.5667
0.8700	-0.5664
0.8750	-0.5665
0.8800	-0.5668
0.8850	-0.5671
0.8900	-0.5675
0.8950	-0.5678
0.9000	-0.5680
0.9050	-0.5683
0.9100	-0.5687
0.9150	-0.5689
0.9200	-0.5689
0.9250	-0.5687
0.9300	-0.5685
0.9350	-0.5685
0.9400	-0.5680
0.9450	-0.5673
0.9500	-0.5668
0.9550	-0.5661
0.9600	-0.5657
0.9650	-0.5657
0.9700	-0.5657
0.9750	-0.5659
0.9800	-0.5661
0.9850	-0.5660
0.9900	-0.5656
0.9950	-0.5651
1.0000	-0.5649
1.0050	-0.5651
1.0100	-0.5654
1.0150	-0.5659
1.0200	-0.5661
1.0250	-0.5664
1.0300	-0.5666
1.0350	-0.5667
1.0400	-0.5667
1.0450	-0.5665
1.0500	-0.5662
1.0550	-0.5660
1.0600	-0.5658
1.0650	-0.5658
1.0700	-0.5656
1.0750	-0.5652
1.0800	-0.5649
1.0850	-0.5645
1.0900	-0.5643
1.0950	-0.5643
1.1000	-0.5643
1.1050	-0.5644
1.1100	-0.5645
1.1150	-0.5644
1.1200	-0.5642
1.1250	-0.5636
1.1300	-0.5632
1.1350	-0.5632
1.1400	-0.5634
1.1450	-0.5637
1.1500	-0.5639
1.1550	-0.5638
1.1600	-0.5635
1.1650	-0.5631
1.1700	-0.5629
1.1750	-0.5627
1.1800	-0.5624
1.1850	-0.5621
1.1900	-0.5618
1.1950	-0.5617
1.2000	-0.5619
1.2050	-0.5625
1.2100	-0.5632
1.2150	-0.5636
1.2200	-0.5639
1.2250	-0.5640
1.2300	-0.5635
1.2350	-0.5628
1.2400	-0.5626
1.2450	-0.5625
1.2500	-0.5627
1.2550	-0.5627
1.2600	-0.5624
1.2650	-0.5620
1.2700	-0.5615
1.2750	-0.5611
1.2800	-0.5611
1.2850	-0.5613
1.2900	-0.5613
1.2950	-0.5616
1.3000	-0.5618
1.3050	-0.5617
1.3100	-0.5612
1.3150	-0.5604
1.3200	-0.5602
1.3250	-0.5603
1.3300	-0.5605
1.3350	-0.5608
1.3400	-0.5609
1.3450	-0.5607
1.3500	-0.5601
1.3550	-0.5595
1.3600	-0.5596
1.3650	-0.5601
1.3700	-0.5609
1.3750	-0.5612
1.3800	-0.5612
1.3850	-0.5608
1.3900	-0.5606
1.3950	-0.5606
1.4000	-0.5606
1.4050	-0.5606
1.4100	-0.5606
1.4150	-0.5605
1.4200	-0.5604
1.4250	-0.5603
1.4300	-0.5601
1.4350	-0.5600
1.4400	-0.5594
1.4450	-0.5589
1.4500	-0.5585
1.4550	-0.5584
1.4600	-0.5585
1.4650	-0.5586
1.4700	-0.5587
1.4750	-0.5586
1.4800	-0.5583
1.4850	-0.5580
1.4900	-0.5576
1.4950	-0.5573
1.5000	-0.5570
1.5050	-0.5570
1.5100	-0.5567
1.5150	-0.5562
1.5200	-0.5558
1.5250	-0.5556
1.5300	-0.5556
1.5350	-0.5555
1.5400	-0.5556
1.5450	-0.5556
1.5500	-0.5557
1.5550	-0.5557
1.5600	-0.5557
1.5650	-0.5556
1.5700	-0.5554
1.5750	-0.5551
1.5800	-0.5548
1.5850	-0.5547
1.5900	-0.5546
1.5950	-0.5546
1.6000	-0.5547
1.6050	-0.5549
1.6100	-0.5550
1.6150	-0.5553
1.6200	-0.5555
1.6250	-0.5555
1.6300	-0.5552
1.6350	-0.5548
1.6400	-0.5548
1.6450	-0.5550
1.6500	-0.5550
1.6550	-0.5547
1.6600	-0.5544
1.6650	-0.5541
1.6700	-0.5539
1.6750	-0.5539
1.6800	-0.5540
1.6850	-0.5541
1.6900	-0.5541
1.6950	-0.5540
1.7000	-0.5539
1.7050	-0.5540
1.7100	-0.5542
1.7150	-0.5544
1.7200	-0.5544
1.7250	-0.5541
1.7300	-0.5540
1.7350	-0.5537
1.7400	-0.5535
1.7450	-0.5535
1.7500	-0.5538
1.7550	-0.5541
1.7600	-0.5543
1.7650	-0.5543
1.7700	-0.5543
1.7750	-0.5542
1.7800	-0.5541
1.7850	-0.5540
1.7900	-0.5538
1.7950	-0.5537
1.8000	-0.5534
1.8050	-0.5532
1.8100	-0.5531
1.8150	-0.5531
1.8200	-0.5531
1.8250	-0.5528
1.8300	-0.5523
1.8350	-0.5518
1.8400	-0.5515
1.8450	-0.5515
1.8500	-0.5514
1.8550	-0.5513
1.8600	-0.5513
1.8650	-0.5512
1.8700	-0.5510
1.8750	-0.5510
1.8800	-0.5509
1.8850	-0.5508
1.8900	-0.5507
1.8950	-0.5505
1.9000	-0.5503
1.9050	-0.5501
1.9100	-0.5498
1.9150	-0.5495
1.9200	-0.5494
1.9250	-0.5494
1.9300	-0.5491
1.9350	-0.5488
1.9400	-0.5484
1.9450	-0.5483
1.9500	-0.5484
1.9550	-0.5486
1.9600	-0.5487
1.9650	-0.5486
1.9700	-0.5484
1.9750	-0.5484
1.9800	-0.5487
1.9850	-0.5491
1.9900	-0.5498
1.9950	-0.5501
2.0000	-0.5503
2.0050	-0.5502
2.0100	-0.5493
2.0150	-0.5485
2.0200	-0.5482
2.0250	-0.5481
2.0300	-0.5483
2.0350	-0.5486
2.0400	-0.5490
2.0450	-0.5492
2.0500	-0.5491
2.0550	-0.5487
2.0600	-0.5481
2.0650	-0.5474
2.0700	-0.5469
2.0750	-0.5469
2.0800	-0.5469
2.0850	-0.5469
2.0900	-0.5465
2.0950	-0.5461
2.1000	-0.5460
2.1050	-0.5459
2.1100	-0.5460
2.1150	-0.5461
2.1200	-0.5461
2.1250	-0.5461
2.1300	-0.5460
2.1350	-0.5459
2.1400	-0.5460
2.1450	-0.5461
2.1500	-0.5460
2.1550	-0.5460
2.1600	-0.5461
2.1650	-0.5461
2.1700	-0.5464
2.1750	-0.5467
2.1800	-0.5470
2.1850	-0.5471
2.1900	-0.5469
2.1950	-0.5466
2.2000	-0.5462
2.2050	-0.5459
2.2100	-0.5453
2.2150	-0.5446
2.2200	-0.5441
2.2250	-0.5435
2.2300	-0.5431
2.2350	-0.5429
2.2400	-0.5426
2.2450	-0.5425
2.2500	-0.5426
2.2550	-0.5428
2.2600	-0.5430
2.2650	-0.5432
2.2700	-0.5433
2.2750	-0.5432
2.2800	-0.5431
2.2850	-0.5431
2.2900	-0.5431
2.2950	-0.5430
2.3000	-0.5427
2.3050	-0.5421
2.3100	-0.5415
2.3150	-0.5413
2.3200	-0.5411
2.3250	-0.5410
2.3300	-0.5409
2.3350	-0.5411
2.3400	-0.5413
2.3450	-0.5419
2.3500	-0.5427
2.3550	-0.5431
2.3600	-0.5436
2.3650	-0.5439
2.3700	-0.5439
2.3750	-0.5437
2.3800	-0.5437
2.3850	-0.5434
2.3900	-0.5427
2.3950	-0.5423
2.4000	-0.5418
2.4050	-0.5416
2.4100	-0.5414
2.4150	-0.5412
2.4200	-0.5412
2.4250	-0.5410
2.4300	-0.5408
2.4350	-0.5406
2.4400	-0.5403
2.4450	-0.5400
2.4500	-0.5397
2.4550	-0.5392
2.4600	-0.5388
2.4650	-0.5383
2.4700	-0.5379
2.4750	-0.5380
2.4800	-0.5384
2.4850	-0.5389
2.4900	-0.5395
2.4950	-0.5398
2.5000	-0.5398
2.5050	-0.5399
2.5100	-0.5401
2.5150	-0.5401
2.5200	-0.5401
2.5250	-0.5401
2.5300	-0.5404
2.5350	-0.5407
2.5400	-0.5408
2.5450	-0.5409
2.5500	-0.5409
2.5550	-0.5409
2.5600	-0.5408
2.5650	-0.5407
2.5700	-0.5402
2.5750	-0.5395
2.5800	-0.5389
2.5850	-0.5387
2.5900	-0.5390
2.5950	-0.5393
2.6000	-0.5397
2.6050	-0.5397
2.6100	-0.5394
2.6150	-0.5389
2.6200	-0.5384
2.6250	-0.5379
2.6300	-0.5375
2.6350	-0.5376
2.6400	-0.5377
2.6450	-0.5377
2.6500	-0.5376
2.6550	-0.5374
2.6600	-0.5373
2.6650	-0.5371
2.6700	-0.5367
2.6750	-0.5364
2.6800	-0.5363
2.6850	-0.5365
2.6900	-0.5371
2.6950	-0.5375
2.7000	-0.5375
2.7050	-0.5374
2.7100	-0.5372
2.7150	-0.5371
2.7200	-0.5369
2.7250	-0.5368
2.7300	-0.5367
2.7350	-0.5364
2.7400	-0.5360
2.7450	-0.5354
2.7500	-0.5350
2.7550	-0.5349
2.7600	-0.5348
2.7650	-0.5349
2.7700	-0.5351
2.7750	-0.5351
2.7800	-0.5349
2.7850	-0.5344
2.7900	-0.5340
2.7950	-0.5340
2.8000	-0.5341
2.8050	-0.5344
2.8100	-0.5345
2.8150	-0.5346
2.8200	-0.5347
2.8250	-0.5349
2.8300	-0.5349
2.8350	-0.5348
2.8400	-0.5345
2.8450	-0.5340
2.8500	-0.5333
2.8550	-0.5326
2.8600	-0.5323
2.8650	-0.5325
2.8700	-0.5331
2.8750	-0.5337
2.8800	-0.5343
2.8850	-0.5347
2.8900	-0.5346
2.8950	-0.5343
2.9000	-0.5341
2.9050	-0.5340
2.9100	-0.5340
2.9150	-0.5340
2.9200	-0.5340
2.9250	-0.5340
2.9300	-0.5339
2.9350	-0.5339
2.9400	-0.5340
2.9450	-0.5344
2.9500	-0.5347
2.9550	-0.5347
2.9600	-0.5346
2.9650	-0.5344
2.9700	-0.5341
2.9750	-0.5337
2.9800	-0.5331
2.9850	-0.5326
2.9900	-0.5319
2.9950	-0.5314
3.0000	-0.5308
3.0050	-0.5305
3.0100	-0.5305
3.0150	-0.5304
3.0200	-0.5304
3.0250	-0.5307
3.0300	-0.5312
3.0350	-0.5316
3.0400	-0.5320
3.0450	-0.5321
3.0500	-0.5320
3.0550	-0.5318
3.0600	-0.5315
3.0650	-0.5310
3.0700	-0.5304
3.0750	-0.5300
3.0800	-0.5297
3.0850	-0.5297
3.0900	-0.5298
3.0950	-0.5300
3.1000	-0.5303
3.1050	-0.5305
3.1100	-0.5308
3.1150	-0.5309
3.1200	-0.5310
3.1250	-0.5310
3.1300	-0.5307
3.1350	-0.5300
3.1400	-0.5294
3.1450	-0.5292
3.1500	-0.5292
3.1550	-0.5296
3.1600	-0.5296
3.1650	-0.5296
3.1700	-0.5295
3.1750	-0.5295
3.1800	-0.5296
3.1850	-0.5296
3.1900	-0.5295
3.1950	-0.5290
3.2000	-0.5284
3.2050	-0.5277
3.2100	-0.5273
3.2150	-0.5270
3.2200	-0.5271
3.2250	-0.5275
3.2300	-0.5277
3.2350	-0.5276
3.2400	-0.5270
3.2450	-0.5264
3.2500	-0.5259
3.2550	-0.5258
3.2600	-0.5258
3.2650	-0.5259
3.2700	-0.5259
3.2750	-0.5259
3.2800	-0.5257
3.2850	-0.5252
3.2900	-0.5245
3.2950	-0.5245
3.3000	-0.5250
3.3050	-0.5255
3.3100	-0.5257
3.3150	-0.5259
3.3200	-0.5259
3.3250	-0.5258
3.3300	-0.5255
3.3350	-0.5251
3.3400	-0.5245
3.3450	-0.5243
3.3500	-0.5249
3.3550	-0.5253
3.3600	-0.5254
3.3650	-0.5255
3.3700	-0.5254
3.3750	-0.5254
3.3800	-0.5254
3.3850	-0.5254
3.3900	-0.5255
3.3950	-0.5252
3.4000	-0.5244
3.4050	-0.5234
3.4100	-0.5228
3.4150	-0.5228
3.4200	-0.5229
3.4250	-0.5230
3.4300	-0.5231
3.4350	-0.5231
3.4400	-0.5230
3.4450	-0.5230
3.4500	-0.5232
3.4550	-0.5236
3.4600	-0.5236
3.4650	-0.5234
3.4700	-0.5231
3.4750	-0.5224
3.4800	-0.5217
3.4850	-0.5213
3.4900	-0.5211
3.4950	-0.5210
3.5000	-0.5210
3.5050	-0.5210
3.5100	-0.5208
3.5150	-0.5207
3.5200	-0.5209
3.5250	-0.5215
3.5300	-0.5222
3.5350	-0.5227
3.5400	-0.5231
3.5450	-0.5230
3.5500	-0.5226
3.5550	-0.5219
3.5600	-0.5214
3.5650	-0.5214
3.5700	-0.5214
3.5750	-0.5216
3.5800	-0.5214
3.5850	-0.5212
3.5900	-0.5212
3.5950	-0.5219
3.6000	-0.5223
3.6050	-0.5223
3.6100	-0.5216
3.6150	-0.5205
3.6200	-0.5196
3.6250	-0.5191
3.6300	-0.5190
3.6350	-0.5191
3.6400	-0.5194
3.6450	-0.5199
3.6500	-0.5200
3.6550	-0.5199
3.6600	-0.5198
3.6650	-0.5198
3.6700	-0.5200
3.6750	-0.5202
3.6800	-0.5202
3.6850	-0.5200
3.6900	-0.5194
3.6950	-0.5190
3.7000	-0.5188
3.7050	-0.5189
3.7100	-0.5191
3.7150	-0.5192
3.7200	-0.5194
3.7250	-0.5194
3.7300	-0.5191
3.7350	-0.5188
3.7400	-0.5186
3.7450	-0.5187
3.7500	-0.5187
3.7550	-0.5185
3.7600	-0.5183
3.7650	-0.5182
3.7700	-0.5183
3.7750	-0.5186
3.7800	-0.5189
3.7850	-0.5192
3.7900	-0.5195
3.7950	-0.5196
3.8000	-0.5190
3.8050	-0.5182
3.8100	-0.5175
3.8150	-0.5171
3.8200	-0.5171
3.8250	-0.5172
3.8300	-0.5170
3.8350	-0.5167
3.8400	-0.5162
3.8450	-0.5160
3.8500	-0.5161
3.8550	-0.5163
3.8600	-0.5165
3.8650	-0.5167
3.8700	-0.5170
3.8750	-0.5171
3.8800	-0.5169
3.8850	-0.5166
3.8900	-0.5162
3.8950	-0.5156
3.9000	-0.5152
3.9050	-0.5151
3.9100	-0.5153
3.9150	-0.5155
3.9200	-0.5155
3.9250	-0.5155
3.9300	-0.5157
3.9350	-0.5164
3.9400	-0.5172
3.9450	-0.5177
3.9500	-0.5177
3.9550	-0.5173
3.9600	-0.5168
3.9650	-0.5160
3.9700	-0.5152
3.9750	-0.5149
3.9800	-0.5148
3.9850	-0.5148
3.9900	-0.5154
3.9950	-0.5160
4.0000	-0.5163
4.0050	-0.5165
4.0100	-0.5163
4.0150	-0.5158
4.0200	-0.5150
4.0250	-0.5144
4.0300	-0.5141
4.0350	-0.5137
4.0400	-0.5134
4.0450	-0.5133
4.0500	-0.5132
4.0550	-0.5129
4.0600	-0.5130
4.0650	-0.5131
4.0700	-0.5131
4.0750	-0.5132
4.0800	-0.5132
4.0850	-0.5130
4.0900	-0.5126
4.0950	-0.5123
4.1000	-0.5118
4.1050	-0.5115
4.1100	-0.5115
4.1150	-0.5115
4.1200	-0.5116
4.1250	-0.5117
4.1300	-0.5117
4.1350	-0.5117
4.1400	-0.5117
4.1450	-0.5120
4.1500	-0.5123
4.1550	-0.5128
4.1600	-0.5130
4.1650	-0.5129
4.1700	-0.5130
4.1750	-0.5131
4.1800	-0.5133
4.1850	-0.5133
4.1900	-0.5135
4.1950	-0.5137
4.2000	-0.5137
4.2050	-0.5134
4.2100	-0.5133
4.2150	-0.5131
4.2200	-0.5129
4.2250	-0.5122
4.2300	-0.5113
4.2350	-0.5108
4.2400	-0.5104
4.2450	-0.5102
4.2500	-0.5098
4.2550	-0.5096
4.2600	-0.5095
4.2650	-0.5095
4.2700	-0.5096
4.2750	-0.5096
4.2800	-0.5095
4.2850	-0.5094
4.2900	-0.5097
4.2950	-0.5096
4.3000	-0.5093
4.3050	-0.5092
4.3100	-0.5092
4.3150	-0.5094
4.3200	-0.5096
4.3250	-0.5098
4.3300	-0.5099
4.3350	-0.5097
4.3400	-0.5093
4.3450	-0.5087
4.3500	-0.5081
4.3550	-0.5077
4.3600	-0.5077
4.3650	-0.5077
4.3700	-0.5077
4.3750	-0.5077
4.3800	-0.5076
4.3850	-0.5078
4.3900	-0.5076
4.3950	-0.5072
4.4000	-0.5065
4.4050	-0.5058
4.4100	-0.5055
4.4150	-0.5057
4.4200	-0.5061
4.4250	-0.5064
4.4300	-0.5065
4.4350	-0.5063
4.4400	-0.5058
4.4450	-0.5053
4.4500	-0.5049
4.4550	-0.5048
4.4600	-0.5048
4.4650	-0.5051
4.4700	-0.5059
4.4750	-0.5066
4.4800	-0.5069
4.4850	-0.5071
4.4900	-0.5072
4.4950	-0.5072
4.5000	-0.5070
4.5050	-0.5066
4.5100	-0.5063
4.5150	-0.5057
4.5200	-0.5051
4.5250	-0.5049
4.5300	-0.5047
4.5350	-0.5047
4.5400	-0.5053
4.5450	-0.5059
4.5500	-0.5062
4.5550	-0.5061
4.5600	-0.5058
4.5650	-0.5057
4.5700	-0.5055
4.5750	-0.5051
4.5800	-0.5046
4.5850	-0.5044
4.5900	-0.5047
4.5950	-0.5053
4.6000	-0.5057
4.6050	-0.5057
4.6100	-0.5053
4.6150	-0.5048
4.6200	-0.5044
4.6250	-0.5042
4.6300	-0.5043
4.6350	-0.5048
4.6400	-0.5051
4.6450	-0.5051
4.6500	-0.5048
4.6550	-0.5046
4.6600	-0.5046
4.6650	-0.5050
4.6700	-0.5051
4.6750	-0.5046
4.6800	-0.5040
4.6850	-0.5035
4.6900	-0.5035
4.6950	-0.5033
4.7000	-0.5029
4.7050	-0.5029
4.7100	-0.5031
4.7150	-0.5034
4.7200	-0.5034
4.7250	-0.5032
4.7300	-0.5029
4.7350	-0.5030
4.7400	-0.5030
4.7450	-0.5029
4.7500	-0.5027
4.7550	-0.5026
4.7600	-0.5028
4.7650	-0.5034
4.7700	-0.5039
4.7750	-0.5039
4.7800	-0.5034
4.7850	-0.5030
4.7900	-0.5022
4.7950	-0.5014
4.8000	-0.5005
4.8050	-0.4999
4.8100	-0.4996
4.8150	-0.4994
4.8200	-0.4993
4.8250	-0.4991
4.8300	-0.4987
4.8350	-0.4986
4.8400	-0.4987
4.8450	-0.4992
4.8500	-0.4998
4.8550	-0.5001
4.8600	-0.5003
4.8650	-0.5004
4.8700	-0.5001
4.8750	-0.4997
4.8800	-0.4992
4.8850	-0.4990
4.8900	-0.4988
4.8950	-0.4987
4.9000	-0.4985
4.9050	-0.4987
4.9100	-0.4990
4.9150	-0.4990
4.9200	-0.4988
4.9250	-0.4984
4.9300	-0.4982
4.9350	-0.4981
4.9400	-0.4983
4.9450	-0.4988
4.9500	-0.4992
4.9550	-0.4993
4.9600	-0.4993
4.9650	-0.4993
4.9700	-0.4992
4.9750	-0.4992
4.9800	-0.4994
4.9850	-0.4995
4.9900	-0.4993
4.9950	-0.4986
5.0000	-0.4979
5.0050	-0.4975
5.0100	-0.4975
5.0150	-0.4976
5.0200	-0.4978
5.0250	-0.4983
5.0300	-0.4989
5.0350	-0.4993
5.0400	-0.4991
5.0450	-0.4986
5.0500	-0.4980
5.0550	-0.4974
5.0600	-0.4969
5.0650	-0.4965
5.0700	-0.4964
5.0750	-0.4964
5.0800	-0.4965
5.0850	-0.4968
5.0900	-0.4972
5.0950	-0.4977
5.1000	-0.4979
5.1050	-0.4978
5.1100	-0.4975
5.1150	-0.4973
5.1200	-0.4973
5.1250	-0.4971
5.1300	-0.4968
5.1350	-0.4964
5.1400	-0.4963
5.1450	-0.4964
5.1500	-0.4967
5.1550	-0.4966
5.1600	-0.4962
5.1650	-0.4957
5.1700	-0.4955
5.1750	-0.4956
5.1800	-0.4952
5.1850	-0.4946
5.1900	-0.4941
5.1950	-0.4936
5.2000	-0.4930
5.2050	-0.4927
5.2100	-0.4927
5.2150	-0.4930
5.2200	-0.4931
5.2250	-0.4931
5.2300	-0.4930
5.2350	-0.4928
5.2400	-0.4929
5.2450	-0.4931
5.2500	-0.4935
5.2550	-0.4940
5.2600	-0.4942
5.2650	-0.4943
5.2700	-0.4942
5.2750	-0.4938
5.2800	-0.4930
5.2850	-0.4920
5.2900	-0.4912
5.2950	-0.4910
5.3000	-0.4912
5.3050	-0.4922
5.3100	-0.4930
5.3150	-0.4935
5.3200	-0.4935
5.3250	-0.4932
5.3300	-0.4930
5.3350	-0.4927
5.3400	-0.4926
5.3450	-0.4924
5.3500	-0.4922
5.3550	-0.4924
5.3600	-0.4928
5.3650	-0.4930
5.3700	-0.4929
5.3750	-0.4924
5.3800	-0.4920
5.3850	-0.4920
5.3900	-0.4923
5.3950	-0.4928
5.4000	-0.4932
5.4050	-0.4937
5.4100	-0.4938
5.4150	-0.4935
5.4200	-0.4928
5.4250	-0.4921
5.4300	-0.4917
5.4350	-0.4916
5.4400	-0.4917
5.4450	-0.4919
5.4500	-0.4921
5.4550	-0.4922
5.4600	-0.4922
5.4650	-0.4919
5.4700	-0.4911
5.4750	-0.4901
5.4800	-0.4896
5.4850	-0.4900
5.4900	-0.4906
5.4950	-0.4912
5.5000	-0.4916
5.5050	-0.4917
5.5100	-0.4915
5.5150	-0.4907
5.5200	-0.4897
5.5250	-0.4889
5.5300	-0.4885
5.5350	-0.4888
5.5400	-0.4895
5.5450	-0.4900
5.5500	-0.4902
5.5550	-0.4898
5.5600	-0.4893
5.5650	-0.4891
5.5700	-0.4887
5.5750	-0.4882
5.5800	-0.4878
5.5850	-0.4870
5.5900	-0.4865
5.5950	-0.4865
5.6000	-0.4868
5.6050	-0.4875
5.6100	-0.4879
5.6150	-0.4884
5.6200	-0.4886
5.6250	-0.4882
5.6300	-0.4878
5.6350	-0.4874
5.6400	-0.4873
5.6450	-0.4873
5.6500	-0.4874
5.6550	-0.4875
5.6600	-0.4874
5.6650	-0.4873
5.6700	-0.4869
5.6750	-0.4864
5.6800	-0.4861
5.6850	-0.4857
5.6900	-0.4853
5.6950	-0.4850
5.7000	-0.4849
5.7050	-0.4849
5.7100	-0.4851
5.7150	-0.4854
5.7200	-0.4858
5.7250	-0.4864
5.7300	-0.4869
5.7350	-0.4871
5.7400	-0.4870
5.7450	-0.4865
5.7500	-0.4861
5.7550	-0.4861
5.7600	-0.4864
5.7650	-0.4866
5.7700	-0.4865
5.7750	-0.4860
5.7800	-0.4858
5.7850	-0.4856
5.7900	-0.4853
5.7950	-0.4847
5.8000	-0.4843
5.8050	-0.4842
5.8100	-0.4845
5.8150	-0.4850
5.8200	-0.4850
5.8250	-0.4846
5.8300	-0.4840
5.8350	-0.4839
5.8400	-0.4840
5.8450	-0.4842
5.8500	-0.4840
5.8550	-0.4837
5.8600	-0.4837
5.8650	-0.4842
5.8700	-0.4845
5.8750	-0.4844
5.8800	-0.4840
5.8850	-0.4836
5.8900	-0.4836
5.8950	-0.4838
5.9000	-0.4840
5.9050	-0.4837
5.9100	-0.4831
5.9150	-0.4825
5.9200	-0.4817
5.9250	-0.4809
5.9300	-0.4803
5.9350	-0.4793
5.9400	-0.4788
5.9450	-0.4792
5.9500	-0.4803
5.9550	-0.4814
5.9600	-0.4818
5.9650	-0.4815
5.9700	-0.4806
5.9750	-0.4799
5.9800	-0.4797
5.9850	-0.4802
5.9900	-0.4809
5.9950	-0.4815
6.0000	-0.4817
6.0050	-0.4819
6.0100	-0.4820
6.0150	-0.4819
6.0200	-0.4818
6.0250	-0.4818
6.0300	-0.4817
6.0350	-0.4815
6.0400	-0.4812
6.0450	-0.4810
6.0500	-0.4810
6.0550	-0.4810
6.0600	-0.4809
6.0650	-0.4806
6.0700	-0.4801
6.0750	-0.4794
6.0800	-0.4787
6.0850	-0.4783
6.0900	-0.4778
6.0950	-0.4775
6.1000	-0.4775
6.1050	-0.4774
6.1100	-0.4773
6.1150	-0.4770
6.1200	-0.4763
6.1250	-0.4759
6.1300	-0.4761
6.1350	-0.4767
6.1400	-0.4775
6.1450	-0.4781
6.1500	-0.4790
6.1550	-0.4797
6.1600	-0.4799
6.1650	-0.4798
6.1700	-0.4794
6.1750	-0.4789
6.1800	-0.4782
6.1850	-0.4775
6.1900	-0.4769
6.1950	-0.4763
6.2000	-0.4763
6.2050	-0.4765
6.2100	-0.4769
6.2150	-0.4771
6.2200	-0.4772
6.2250	-0.4772
6.2300	-0.4771
6.2350	-0.4771
6.2400	-0.4774
6.2450	-0.4780
6.2500	-0.4787
6.2550	-0.4793
6.2600	-0.4794
6.2650	-0.4790
6.2700	-0.4784
6.2750	-0.4776
6.2800	-0.4768
6.2850	-0.4759
6.2900	-0.4756
6.2950	-0.4757
6.3000	-0.4762
6.3050	-0.4763
6.3100	-0.4757
6.3150	-0.4742
6.3200	-0.4728
6.3250	-0.4720
6.3300	-0.4727
6.3350	-0.4736
6.3400	-0.4742
6.3450	-0.4747
6.3500	-0.4748
6.3550	-0.4742
6.3600	-0.4733
6.3650	-0.4726
6.3700	-0.4728
6.3750	-0.4732
6.3800	-0.4736
6.3850	-0.4742
6.3900	-0.4745
6.3950	-0.4743
6.4000	-0.4739
6.4050	-0.4736
6.4100	-0.4738
6.4150	-0.4742
6.4200	-0.4748
6.4250	-0.4750
6.4300	-0.4748
6.4350	-0.4742
6.4400	-0.4738
6.4450	-0.4733
6.4500	-0.4729
6.4550	-0.4729
6.4600	-0.4731
6.4650	-0.4733
6.4700	-0.4735
6.4750	-0.4738
6.4800	-0.4742
6.4850	-0.4745
6.4900	-0.4745
6.4950	-0.4738
6.5000	-0.4730
6.5050	-0.4727
6.5100	-0.4731
6.5150	-0.4736
6.5200	-0.4736
6.5250	-0.4729
6.5300	-0.4719
6.5350	-0.4709
6.5400	-0.4706
6.5450	-0.4703
6.5500	-0.4702
6.5550	-0.4701
6.5600	-0.4706
6.5650	-0.4714
6.5700	-0.4722
6.5750	-0.4729
6.5800	-0.4730
6.5850	-0.4729
6.5900	-0.4726
6.5950	-0.4717
6.6000	-0.4708
6.6050	-0.4701
6.6100	-0.4705
6.6150	-0.4714
6.6200	-0.4725
6.6250	-0.4735
6.6300	-0.4741
6.6350	-0.4741
6.6400	-0.4734
6.6450	-0.4724
6.6500	-0.4717
6.6550	-0.4714
6.6600	-0.4715
6.6650	-0.4717
6.6700	-0.4718
6.6750	-0.4720
6.6800	-0.4722
6.6850	-0.4723
6.6900	-0.4723
6.6950	-0.4721
6.7000	-0.4716
6.7050	-0.4710
6.7100	-0.4701
6.7150	-0.4696
6.7200	-0.4697
6.7250	-0.4699
6.7300	-0.4699
6.7350	-0.4694
6.7400	-0.4690
6.7450	-0.4689
6.7500	-0.4687
6.7550	-0.4682
6.7600	-0.4676
6.7650	-0.4674
6.7700	-0.4675
6.7750	-0.4675
6.7800	-0.4669
6.7850	-0.4662
6.7900	-0.4658
6.7950	-0.4666
6.8000	-0.4676
6.8050	-0.4685
6.8100	-0.4691
6.8150	-0.4696
6.8200	-0.4697
6.8250	-0.4696
6.8300	-0.4694
6.8350	-0.4693
6.8400	-0.4688
6.8450	-0.4680
6.8500	-0.4670
6.8550	-0.4664
6.8600	-0.4662
6.8650	-0.4665
6.8700	-0.4669
6.8750	-0.4671
6.8800	-0.4675
6.8850	-0.4681
6.8900	-0.4687
6.8950	-0.4688
6.9000	-0.4680
6.9050	-0.4666
6.9100	-0.4652
6.9150	-0.4645
6.9200	-0.4646
6.9250	-0.4646
6.9300	-0.4643
6.9350	-0.4636
6.9400	-0.4634
6.9450	-0.4638
6.9500	-0.4643
6.9550	-0.4648
6.9600	-0.4649
6.9650	-0.4655
6.9700	-0.4659
6.9750	-0.4660
6.9800	-0.4658
6.9850	-0.4655
6.9900	-0.4658
6.9950	-0.4664
7.0000	-0.4671
7.0050	-0.4673
7.0100	-0.4672
7.0150	-0.4667
7.0200	-0.4662
7.0250	-0.4657
7.0300	-0.4657
7.0350	-0.4666
7.0400	-0.4675
7.0450	-0.4681
7.0500	-0.4681
7.0550	-0.4673
7.0600	-0.4658
7.0650	-0.4639
7.0700	-0.4628
7.0750	-0.4628
7.0800	-0.4633
7.0850	-0.4641
7.0900	-0.4649
7.0950	-0.4655
7.1000	-0.4656
7.1050	-0.4652
7.1100	-0.4649
7.1150	-0.4649
7.1200	-0.4649
7.1250	-0.4647
7.1300	-0.4642
7.1350	-0.4639
7.1400	-0.4636
7.1450	-0.4635
7.1500	-0.4628
7.1550	-0.4616
7.1600	-0.4607
7.1650	-0.4616
7.1700	-0.4631
7.1750	-0.4643
7.1800	-0.4653
7.1850	-0.4655
7.1900	-0.4652
7.1950	-0.4648
7.2000	-0.4644
7.2050	-0.4639
7.2100	-0.4633
7.2150	-0.4630
7.2200	-0.4626
7.2250	-0.4622
7.2300	-0.4620
7.2350	-0.4624
7.2400	-0.4632
7.2450	-0.4646
7.2500	-0.4656
7.2550	-0.4660
7.2600	-0.4658
7.2650	-0.4641
7.2700	-0.4610
7.2750	-0.4598
7.2800	-0.4594
7.2850	-0.4599
7.2900	-0.4605
7.2950	-0.4611
7.3000	-0.4613
7.3050	-0.4614
7.3100	-0.4613
7.3150	-0.4612
7.3200	-0.4611
7.3250	-0.4612
7.3300	-0.4617
7.3350	-0.4619
7.3400	-0.4617
7.3450	-0.4613
7.3500	-0.4606
7.3550	-0.4603
7.3600	-0.4607
7.3650	-0.4610
7.3700	-0.4610
7.3750	-0.4602
7.3800	-0.4595
7.3850	-0.4593
7.3900	-0.4594
7.3950	-0.4600
7.4000	-0.4610
7.4050	-0.4620
7.4100	-0.4614
7.4150	-0.4562
7.4200	-0.4553
7.4250	-0.4556
7.4300	-0.4555
7.4350	-0.4587
7.4400	-0.4619
7.4450	-0.4629
7.4500	-0.4631
7.4550	-0.4634
7.4600	-0.4647
7.4650	-0.4663
7.4700	-0.4664
7.4750	-0.4619
7.4800	-0.4572
7.4850	-0.4614
7.4900	-0.4637
7.4950	-0.4616
7.5000	-0.4605
7.5050	-0.4612
7.5100	-0.4630
7.5150	-0.4630
7.5200	-0.4634
7.5250	-0.4646
7.5300	-0.4627
7.5350	-0.4619
7.5400	-0.4653
7.5450	-0.4654
7.5500	-0.4602
7.5550	-0.4593
7.5600	-0.4611
7.5650	-0.4631
7.5700	-0.4578
7.5750	-0.4583
7.5800	-0.4602
7.5850	-0.4606
7.5900	-0.4624
7.5950	-0.4655
7.6000	-0.4603
7.6050	-0.4554
7.6100	-0.4554
7.6150	-0.4572
7.6200	-0.4583
7.6250	-0.4578
7.6300	-0.4561
7.6350	-0.4557
7.6400	-0.4570
7.6450	-10000.0000
7.6500	-10000.0000
7.6550	-10000.0000
7.6600	-10000.0000
7.6650	-10000.0000
7.6700	-10000.0000
7.6750	-10000.0000
7.6800	-10000.0000
7.6850	-10000.0000
7.6900	-10000.0000
7.6950	-10000.0000
7.7000	-10000.0000
7.7050	-10000.0000
7.7100	-10000.0000
7.7150	-10000.0000
7.7200	-10000.0000
7.7250	-10000.0000
7.7300	-10000.0000
7.7350	-10000.0000
7.7400	-10000.0000
7.7450	-10000.0000
7.7500	-10000.0000
7.7550	-10000.0000
7.7600	-10000.0000
7.7650	-10000.0000
7.7700	-10000.0000
7.7750	-10000.0000
7.7800	-10000.0000
7.7850	-10000.0000
7.7900	-10000.0000
7.7950	-10000.0000
7.8000	-10000.0000
7.8050	-10000.0000
7.8100	-10000.0000
7.8150	-10000.0000
7.8200	-10000.0000
7.8250	-10000.0000
7.8300	-10000.0000
7.8350	-10000.0000
7.8400	-10000.0000
7.8450	-10000.0000
7.8500	-10000.0000
7.8550	-10000.0000
7.8600	-10000.0000
7.8650	-10000.0000
7.8700	-10000.0000
7.8750	-10000.0000
7.8800	-10000.0000
7.8850	-10000.0000
7.8900	-10000.0000
7.8950	-10000.0000
7.9000	-10000.0000
7.9050	-10000.0000
7.9100	-10000.0000
7.9150	-10000.0000
7.9200	-10000.0000
7.9250	-10000.0000
7.9300	-10000.0000
7.9350	-10000.0000
7.9400	-10000.0000
7.9450	-10000.0000
7.9500	-10000.0000
7.9550	-10000.0000
7.9600	-10000.0000
7.9650	-10000.0000
7.9700	-10000.0000
7.9750	-10000.0000
7.9800	-10000.0000
7.9850	-10000.0000
7.9900	-10000.0000
7.9950	-10000.0000
