-8.0000	-10000.0000
-7.9950	-10000.0000
-7.9900	-10000.0000
-7.9850	-10000.0000
-7.9800	-10000.0000
-7.9750	-10000.0000
-7.9700	-10000.0000
-7.9650	-10000.0000
-7.9600	-10000.0000
-7.9550	-10000.0000
-7.9500	-10000.0000
-7.9450	-10000.0000
-7.9400	-10000.0000
-7.9350	-10000.0000
-7.9300	-10000.0000
-7.9250	-10000.0000
-7.9200	-10000.0000
-7.9150	-10000.0000
-7.9100	-10000.0000
-7.9050	-10000.0000
-7.9000	-10000.0000
-7.8950	-10000.0000
-7.8900	-10000.0000
-7.8850	-10000.0000
-7.8800	-10000.0000
-7.8750	-10000.0000
-7.8700	-10000.0000
-7.8650	-10000.0000
-7.8600	-10000.0000
-7.8550	-10000.0000
-7.8500	-10000.0000
-7.8450	-10000.0000
-7.8400	-10000.0000
-7.8350	-10000.0000
-7.8300	-10000.0000
-7.8250	-10000.0000
-7.8200	-10000.0000
-7.8150	-10000.0000
-7.8100	-10000.0000
-7.8050	-10000.0000
-7.8000	-10000.0000
-7.7950	-10000.0000
-7.7900	-10000.0000
-7.7850	-10000.0000
-7.7800	-10000.0000
-7.7750	-10000.0000
-7.7700	-10000.0000
-7.7650	-10000.0000
-7.7600	-10000.0000
-7.7550	-10000.0000
-7.7500	-10000.0000
-7.7450	-10000.0000
-7.7400	-10000.0000
-7.7350	-10000.0000
-7.7300	-10000.0000
-7.7250	-10000.0000
-7.7200	-10000.0000
-7.7150	-10000.0000
-7.7100	-10000.0000
-7.7050	-10000.0000
-7.7000	-10000.0000
-7.6950	-10000.0000
-7.6900	-10000.0000
-7.6850	-10000.0000
-7.6800	-10000.0000
-7.6750	-10000.0000
-7.6700	-10000.0000
-7.6650	-10000.0000
-7.6600	-10000.0000
-7.6550	-10000.0000
-7.6500	-10000.0000
-7.6450	-10000.0000
-7.6400	-10000.0000
-7.6350	-10000.0000
-7.6300	-10000.0000
-7.6250	-10000.0000
-7.6200	-10000.0000
-7.6150	-10000.0000
-7.6100	-10000.0000
-7.6050	-10000.0000
-7.6000	-10000.0000
-7.5950	-10000.0000
-7.5900	-10000.0000
-7.5850	-0.1499
-7.5800	-0.1476
-7.5750	-0.1509
-7.5700	-0.1531
-7.5650	-0.1532
-7.5600	-0.1528
-7.5550	-0.1530
-7.5500	-0.1540
-7.5450	-0.1530
-7.5400	-0.1516
-7.5350	-0.1507
-7.5300	-0.1508
-7.5250	-0.1517
-7.5200	-0.1522
-7.5150	-0.1535
-7.5100	-0.1554
-7.5050	-0.1573
-7.5000	-0.1571
-7.4950	-0.1555
-7.4900	-0.1540
-7.4850	-0.1531
-7.4800	-0.1539
-7.4750	-0.1539
-7.4700	-0.1540
-7.4650	-0.1562
-7.4600	-0.1565
-7.4550	-0.1554
-7.4500	-0.1555
-7.4450	-0.1552
-7.4400	-0.1541
-7.4350	-0.1543
-7.4300	-0.1552
-7.4250	-0.1574
-7.4200	-0.1606
-7.4150	-0.1630
-7.4100	-0.1636
-7.4050	-0.1609
-7.4000	-0.1574
-7.3950	-0.1543
-7.3900	-0.1513
-7.3850	-0.1516
-7.3800	-0.1508
-7.3750	-0.1497
-7.3700	-0.1480
-7.3650	-0.1463
-7.3600	-0.1445
-7.3550	-0.1432
-7.3500	-0.1431
-7.3450	-0.1431
-7.3400	-0.1433
-7.3350	-0.1433
-7.3300	-0.1437
-7.3250	-0.1440
-7.3200	-0.1440
-7.3150	-0.1438
-7.3100	-0.1436
-7.3050	-0.1435
-7.3000	-0.1433
-7.2950	-0.1432
-7.2900	-0.1432
-7.2850	-0.1437
-7.2800	-0.1444
-7.2750	-0.1450
-7.2700	-0.1456
-7.2650	-0.1460
-7.2600	-0.1465
-7.2550	-0.1470
-7.2500	-0.1469
-7.2450	-0.1460
-7.2400	-0.1450
-7.2350	-0.1432
-7.2300	-0.1398
-7.2250	-0.1319
-7.2200	-0.1239
-7.2150	-0.1204
-7.2100	-0.1190
-7.2050	-0.1199
-7.2000	-0.1230
-7.1950	-0.1272
-7.1900	-0.1297
-7.1850	-0.1307
-7.1800	-0.1311
-7.1750	-0.1316
-7.1700	-0.1326
-7.1650	-0.1339
-7.1600	-0.1343
-7.1550	-0.1343
-7.1500	-0.1337
-7.1450	-0.1332
-7.1400	-0.1330
-7.1350	-0.1333
-7.1300	-0.1331
-7.1250	-0.1318
-7.1200	-0.1295
-7.1150	-0.1271
-7.1100	-0.1255
-7.1050	-0.1257
-7.1000	-0.1269
-7.0950	-0.1285
-7.0900	-0.1563
-7.0850	-0.1579
-7.0800	-0.1585
-7.0750	-0.1582
-7.0700	-0.1573
-7.0650	-0.1563
-7.0600	-0.1555
-7.0550	-0.1548
-7.0500	-0.1544
-7.0450	-0.1544
-7.0400	-0.1458
-7.0350	-0.1372
-7.0300	-0.1280
-7.0250	-0.1261
-7.0200	-0.1242
-7.0150	-0.1234
-7.0100	-0.1236
-7.0050	-0.1242
-7.0000	-0.1249
-6.9950	-0.1254
-6.9900	-0.1253
-6.9850	-0.1247
-6.9800	-0.1242
-6.9750	-0.1240
-6.9700	-0.1247
-6.9650	-0.1262
-6.9600	-0.1278
-6.9550	-0.1293
-6.9500	-0.1304
-6.9450	-0.1306
-6.9400	-0.1302
-6.9350	-0.1295
-6.9300	-0.1286
-6.9250	-0.1282
-6.9200	-0.1286
-6.9150	-0.1296
-6.9100	-0.1314
-6.9050	-0.1333
-6.9000	-0.1346
-6.8950	-0.1358
-6.8900	-0.1366
-6.8850	-0.1369
-6.8800	-0.1371
-6.8750	-0.1371
-6.8700	-0.1375
-6.8650	-0.1385
-6.8600	-0.1400
-6.8550	-0.1416
-6.8500	-0.1430
-6.8450	-0.1438
-6.8400	-0.1449
-6.8350	-0.1459
-6.8300	-0.1465
-6.8250	-0.1465
-6.8200	-0.1445
-6.8150	-0.1367
-6.8100	-0.1289
-6.8050	-0.1276
-6.8000	-0.1280
-6.7950	-0.1277
-6.7900	-0.1277
-6.7850	-0.1282
-6.7800	-0.1291
-6.7750	-0.1308
-6.7700	-0.1324
-6.7650	-0.1323
-6.7600	-0.1331
-6.7550	-0.1348
-6.7500	-0.1369
-6.7450	-0.1388
-6.7400	-0.1399
-6.7350	-0.1396
-6.7300	-0.1386
-6.7250	-0.1373
-6.7200	-0.1368
-6.7150	-0.1377
-6.7100	-0.1399
-6.7050	-0.1430
-6.7000	-0.1447
-6.6950	-0.1446
-6.6900	-0.1444
-6.6850	-0.1442
-6.6800	-0.1438
-6.6750	-0.1438
-6.6700	-0.1440
-6.6650	-0.1442
-6.6600	-0.1445
-6.6550	-0.1448
-6.6500	-0.1449
-6.6450	-0.1446
-6.6400	-0.1440
-6.6350	-0.1430
-6.6300	-0.1419
-6.6250	-0.1407
-6.6200	-0.1398
-6.6150	-0.1395
-6.6100	-0.1400
-6.6050	-0.1408
-6.6000	-0.1415
-6.5950	-0.1423
-6.5900	-0.1430
-6.5850	-0.1435
-6.5800	-0.1441
-6.5750	-0.1443
-6.5700	-0.1438
-6.5650	-0.1431
-6.5600	-0.1424
-6.5550	-0.1421
-6.5500	-0.1419
-6.5450	-0.1418
-6.5400	-0.1416
-6.5350	-0.1415
-6.5300	-0.1417
-6.5250	-0.1426
-6.5200	-0.1434
-6.5150	-0.1432
-6.5100	-0.1425
-6.5050	-0.1414
-6.5000	-0.1409
-6.4950	-0.1406
-6.4900	-0.1402
-6.4850	-0.1400
-6.4800	-0.1401
-6.4750	-0.1407
-6.4700	-0.1409
-6.4650	-0.1408
-6.4600	-0.1405
-6.4550	-0.1405
-6.4500	-0.1409
-6.4450	-0.1412
-6.4400	-0.1413
-6.4350	-0.1411
-6.4300	-0.1404
-6.4250	-0.1396
-6.4200	-0.1383
-6.4150	-0.1370
-6.4100	-0.1361
-6.4050	-0.1359
-6.4000	-0.1363
-6.3950	-0.1372
-6.3900	-0.1380
-6.3850	-0.1385
-6.3800	-0.1388
-6.3750	-0.1391
-6.3700	-0.1392
-6.3650	-0.1391
-6.3600	-0.1391
-6.3550	-0.1393
-6.3500	-0.1397
-6.3450	-0.1400
-6.3400	-0.1393
-6.3350	-0.1379
-6.3300	-0.1366
-6.3250	-0.1353
-6.3200	-0.1341
-6.3150	-0.1332
-6.3100	-0.1329
-6.3050	-0.1333
-6.3000	-0.1340
-6.2950	-0.1349
-6.2900	-0.1355
-6.2850	-0.1355
-6.2800	-0.1354
-6.2750	-0.1355
-6.2700	-0.1354
-6.2650	-0.1352
-6.2600	-0.1348
-6.2550	-0.1346
-6.2500	-0.1346
-6.2450	-0.1345
-6.2400	-0.1342
-6.2350	-0.1340
-6.2300	-0.1338
-6.2250	-0.1339
-6.2200	-0.1341
-6.2150	-0.1345
-6.2100	-0.1350
-6.2050	-0.1354
-6.2000	-0.1360
-6.1950	-0.1365
-6.1900	-0.1367
-6.1850	-0.1365
-6.1800	-0.1359
-6.1750	-0.1353
-6.1700	-0.1346
-6.1650	-0.1339
-6.1600	-0.1332
-6.1550	-0.1328
-6.1500	-0.1330
-6.1450	-0.1335
-6.1400	-0.1342
-6.1350	-0.1348
-6.1300	-0.1350
-6.1250	-0.1349
-6.1200	-0.1346
-6.1150	-0.1344
-6.1100	-0.1344
-6.1050	-0.1343
-6.1000	-0.1341
-6.0950	-0.1337
-6.0900	-0.1333
-6.0850	-0.1332
-6.0800	-0.1333
-6.0750	-0.1335
-6.0700	-0.1337
-6.0650	-0.1342
-6.0600	-0.1344
-6.0550	-0.1341
-6.0500	-0.1335
-6.0450	-0.1328
-6.0400	-0.1318
-6.0350	-0.1309
-6.0300	-0.1303
-6.0250	-0.1301
-6.0200	-0.1304
-6.0150	-0.1308
-6.0100	-0.1312
-6.0050	-0.1316
-6.0000	-0.1320
-5.9950	-0.1327
-5.9900	-0.1334
-5.9850	-0.1344
-5.9800	-0.1347
-5.9750	-0.1342
-5.9700	-0.1329
-5.9650	-0.1315
-5.9600	-0.1313
-5.9550	-0.1312
-5.9500	-0.1312
-5.9450	-0.1314
-5.9400	-0.1316
-5.9350	-0.1316
-5.9300	-0.1315
-5.9250	-0.1314
-5.9200	-0.1314
-5.9150	-0.1315
-5.9100	-0.1316
-5.9050	-0.1317
-5.9000	-0.1320
-5.8950	-0.1322
-5.8900	-0.1325
-5.8850	-0.1327
-5.8800	-0.1327
-5.8750	-0.1327
-5.8700	-0.1327
-5.8650	-0.1327
-5.8600	-0.1326
-5.8550	-0.1325
-5.8500	-0.1323
-5.8450	-0.1320
-5.8400	-0.1319
-5.8350	-0.1321
-5.8300	-0.1325
-5.8250	-0.1330
-5.8200	-0.1334
-5.8150	-0.1335
-5.8100	-0.1335
-5.8050	-0.1329
-5.8000	-0.1321
-5.7950	-0.1309
-5.7900	-0.1297
-5.7850	-0.1289
-5.7800	-0.1283
-5.7750	-0.1280
-5.7700	-0.1281
-5.7650	-0.1283
-5.7600	-0.1284
-5.7550	-0.1283
-5.7500	-0.1281
-5.7450	-0.1278
-5.7400	-0.1274
-5.7350	-0.1272
-5.7300	-0.1271
-5.7250	-0.1273
-5.7200	-0.1276
-5.7150	-0.1286
-5.7100	-0.1295
-5.7050	-0.1299
-5.7000	-0.1301
-5.6950	-0.1300
-5.6900	-0.1292
-5.6850	-0.1287
-5.6800	-0.1285
-5.6750	-0.1285
-5.6700	-0.1285
-5.6650	-0.1284
-5.6600	-0.1285
-5.6550	-0.1287
-5.6500	-0.1290
-5.6450	-0.1293
-5.6400	-0.1294
-5.6350	-0.1293
-5.6300	-0.1290
-5.6250	-0.1287
-5.6200	-0.1282
-5.6150	-0.1277
-5.6100	-0.1274
-5.6050	-0.1274
-5.6000	-0.1277
-5.5950	-0.1280
-5.5900	-0.1276
-5.5850	-0.1270
-5.5800	-0.1261
-5.5750	-0.1257
-5.5700	-0.1259
-5.5650	-0.1263
-5.5600	-0.1265
-5.5550	-0.1262
-5.5500	-0.1259
-5.5450	-0.1257
-5.5400	-0.1254
-5.5350	-0.1252
-5.5300	-0.1250
-5.5250	-0.1250
-5.5200	-0.1251
-5.5150	-0.1255
-5.5100	-0.1255
-5.5050	-0.1250
-5.5000	-0.1243
-5.4950	-0.1237
-5.4900	-0.1237
-5.4850	-0.1244
-5.4800	-0.1252
-5.4750	-0.1257
-5.4700	-0.1258
-5.4650	-0.1255
-5.4600	-0.1254
-5.4550	-0.1255
-5.4500	-0.1258
-5.4450	-0.1262
-5.4400	-0.1260
-5.4350	-0.1252
-5.4300	-0.1241
-5.4250	-0.1231
-5.4200	-0.1226
-5.4150	-0.1222
-5.4100	-0.1220
-5.4050	-0.1221
-5.4000	-0.1227
-5.3950	-0.1234
-5.3900	-0.1241
-5.3850	-0.1248
-5.3800	-0.1252
-5.3750	-0.1254
-5.3700	-0.1251
-5.3650	-0.1246
-5.3600	-0.1241
-5.3550	-0.1241
-5.3500	-0.1240
-5.3450	-0.1238
-5.3400	-0.1237
-5.3350	-0.1232
-5.3300	-0.1226
-5.3250	-0.1224
-5.3200	-0.1227
-5.3150	-0.1233
-5.3100	-0.1235
-5.3050	-0.1231
-5.3000	-0.1222
-5.2950	-0.1210
-5.2900	-0.1199
-5.2850	-0.1195
-5.2800	-0.1191
-5.2750	-0.1190
-5.2700	-0.1192
-5.2650	-0.1197
-5.2600	-0.1203
-5.2550	-0.1212
-5.2500	-0.1221
-5.2450	-0.1226
-5.2400	-0.1226
-5.2350	-0.1221
-5.2300	-0.1217
-5.2250	-0.1208
-5.2200	-0.1199
-5.2150	-0.1191
-5.2100	-0.1185
-5.2050	-0.1185
-5.2000	-0.1187
-5.1950	-0.1188
-5.1900	-0.1186
-5.1850	-0.1184
-5.1800	-0.1184
-5.1750	-0.1188
-5.1700	-0.1191
-5.1650	-0.1192
-5.1600	-0.1191
-5.1550	-0.1191
-5.1500	-0.1197
-5.1450	-0.1205
-5.1400	-0.1211
-5.1350	-0.1211
-5.1300	-0.1210
-5.1250	-0.1209
-5.1200	-0.1207
-5.1150	-0.1203
-5.1100	-0.1198
-5.1050	-0.1189
-5.1000	-0.1180
-5.0950	-0.1174
-5.0900	-0.1168
-5.0850	-0.1167
-5.0800	-0.1168
-5.0750	-0.1168
-5.0700	-0.1167
-5.0650	-0.1161
-5.0600	-0.1152
-5.0550	-0.1143
-5.0500	-0.1130
-5.0450	-0.1121
-5.0400	-0.1115
-5.0350	-0.1117
-5.0300	-0.1126
-5.0250	-0.1142
-5.0200	-0.1161
-5.0150	-0.1172
-5.0100	-0.1180
-5.0050	-0.1182
-5.0000	-0.1177
-4.9950	-0.1171
-4.9900	-0.1168
-4.9850	-0.1166
-4.9800	-0.1164
-4.9750	-0.1163
-4.9700	-0.1158
-4.9650	-0.1152
-4.9600	-0.1147
-4.9550	-0.1145
-4.9500	-0.1146
-4.9450	-0.1147
-4.9400	-0.1148
-4.9350	-0.1146
-4.9300	-0.1143
-4.9250	-0.1138
-4.9200	-0.1135
-4.9150	-0.1130
-4.9100	-0.1124
-4.9050	-0.1121
-4.9000	-0.1120
-4.8950	-0.1122
-4.8900	-0.1125
-4.8850	-0.1126
-4.8800	-0.1127
-4.8750	-0.1129
-4.8700	-0.1131
-4.8650	-0.1135
-4.8600	-0.1138
-4.8550	-0.1139
-4.8500	-0.1140
-4.8450	-0.1138
-4.8400	-0.1134
-4.8350	-0.1130
-4.8300	-0.1128
-4.8250	-0.1132
-4.8200	-0.1134
-4.8150	-0.1132
-4.8100	-0.1125
-4.8050	-0.1118
-4.8000	-0.1115
-4.7950	-0.1112
-4.7900	-0.1112
-4.7850	-0.1113
-4.7800	-0.1113
-4.7750	-0.1112
-4.7700	-0.1110
-4.7650	-0.1110
-4.7600	-0.1113
-4.7550	-0.1115
-4.7500	-0.1114
-4.7450	-0.1113
-4.7400	-0.1114
-4.7350	-0.1119
-4.7300	-0.1124
-4.7250	-0.1129
-4.7200	-0.1132
-4.7150	-0.1129
-4.7100	-0.1122
-4.7050	-0.1115
-4.7000	-0.1108
-4.6950	-0.1105
-4.6900	-0.1107
-4.6850	-0.1113
-4.6800	-0.1119
-4.6750	-0.1118
-4.6700	-0.1113
-4.6650	-0.1102
-4.6600	-0.1093
-4.6550	-0.1090
-4.6500	-0.1090
-4.6450	-0.1090
-4.6400	-0.1087
-4.6350	-0.1086
-4.6300	-0.1087
-4.6250	-0.1091
-4.6200	-0.1094
-4.6150	-0.1096
-4.6100	-0.1094
-4.6050	-0.1090
-4.6000	-0.1085
-4.5950	-0.1081
-4.5900	-0.1080
-4.5850	-0.1082
-4.5800	-0.1089
-4.5750	-0.1099
-4.5700	-0.1109
-4.5650	-0.1115
-4.5600	-0.1115
-4.5550	-0.1108
-4.5500	-0.1099
-4.5450	-0.1093
-4.5400	-0.1089
-4.5350	-0.1089
-4.5300	-0.1090
-4.5250	-0.1092
-4.5200	-0.1095
-4.5150	-0.1094
-4.5100	-0.1091
-4.5050	-0.1085
-4.5000	-0.1079
-4.4950	-0.1075
-4.4900	-0.1075
-4.4850	-0.1077
-4.4800	-0.1079
-4.4750	-0.1079
-4.4700	-0.1077
-4.4650	-0.1072
-4.4600	-0.1063
-4.4550	-0.1053
-4.4500	-0.1047
-4.4450	-0.1045
-4.4400	-0.1046
-4.4350	-0.1050
-4.4300	-0.1055
-4.4250	-0.1057
-4.4200	-0.1061
-4.4150	-0.1065
-4.4100	-0.1065
-4.4050	-0.1062
-4.4000	-0.1057
-4.3950	-0.1056
-4.3900	-0.1056
-4.3850	-0.1059
-4.3800	-0.1068
-4.3750	-0.1074
-4.3700	-0.1076
-4.3650	-0.1071
-4.3600	-0.1062
-4.3550	-0.1054
-4.3500	-0.1047
-4.3450	-0.1045
-4.3400	-0.1047
-4.3350	-0.1050
-4.3300	-0.1053
-4.3250	-0.1056
-4.3200	-0.1058
-4.3150	-0.1059
-4.3100	-0.1060
-4.3050	-0.1061
-4.3000	-0.1064
-4.2950	-0.1065
-4.2900	-0.1064
-4.2850	-0.1062
-4.2800	-0.1060
-4.2750	-0.1058
-4.2700	-0.1057
-4.2650	-0.1057
-4.2600	-0.1059
-4.2550	-0.1060
-4.2500	-0.1059
-4.2450	-0.1054
-4.2400	-0.1049
-4.2350	-0.1044
-4.2300	-0.1039
-4.2250	-0.1036
-4.2200	-0.1030
-4.2150	-0.1022
-4.2100	-0.1015
-4.2050	-0.1013
-4.2000	-0.1014
-4.1950	-0.1016
-4.1900	-0.1019
-4.1850	-0.1020
-4.1800	-0.1020
-4.1750	-0.1021
-4.1700	-0.1021
-4.1650	-0.1025
-4.1600	-0.1029
-4.1550	-0.1030
-4.1500	-0.1029
-4.1450	-0.1027
-4.1400	-0.1025
-4.1350	-0.1021
-4.1300	-0.1018
-4.1250	-0.1017
-4.1200	-0.1016
-4.1150	-0.1016
-4.1100	-0.1016
-4.1050	-0.1016
-4.1000	-0.1014
-4.0950	-0.1010
-4.0900	-0.1006
-4.0850	-0.1006
-4.0800	-0.1011
-4.0750	-0.1019
-4.0700	-0.1025
-4.0650	-0.1026
-4.0600	-0.1020
-4.0550	-0.1013
-4.0500	-0.1008
-4.0450	-0.1002
-4.0400	-0.1001
-4.0350	-0.1004
-4.0300	-0.1011
-4.0250	-0.1019
-4.0200	-0.1025
-4.0150	-0.1027
-4.0100	-0.1025
-4.0050	-0.1024
-4.0000	-0.1023
-3.9950	-0.1021
-3.9900	-0.1016
-3.9850	-0.1011
-3.9800	-0.1010
-3.9750	-0.1007
-3.9700	-0.1004
-3.9650	-0.1004
-3.9600	-0.1006
-3.9550	-0.1011
-3.9500	-0.1019
-3.9450	-0.1023
-3.9400	-0.1021
-3.9350	-0.1015
-3.9300	-0.1006
-3.9250	-0.0998
-3.9200	-0.0989
-3.9150	-0.0984
-3.9100	-0.0983
-3.9050	-0.0984
-3.9000	-0.0983
-3.8950	-0.0981
-3.8900	-0.0978
-3.8850	-0.0978
-3.8800	-0.0976
-3.8750	-0.0974
-3.8700	-0.0965
-3.8650	-0.0957
-3.8600	-0.0957
-3.8550	-0.0961
-3.8500	-0.0967
-3.8450	-0.0970
-3.8400	-0.0970
-3.8350	-0.0967
-3.8300	-0.0962
-3.8250	-0.0958
-3.8200	-0.0954
-3.8150	-0.0954
-3.8100	-0.0956
-3.8050	-0.0960
-3.8000	-0.0963
-3.7950	-0.0963
-3.7900	-0.0962
-3.7850	-0.0960
-3.7800	-0.0958
-3.7750	-0.0959
-3.7700	-0.0962
-3.7650	-0.0964
-3.7600	-0.0964
-3.7550	-0.0963
-3.7500	-0.0961
-3.7450	-0.0960
-3.7400	-0.0960
-3.7350	-0.0956
-3.7300	-0.0950
-3.7250	-0.0946
-3.7200	-0.0942
-3.7150	-0.0940
-3.7100	-0.0937
-3.7050	-0.0935
-3.7000	-0.0934
-3.6950	-0.0931
-3.6900	-0.0929
-3.6850	-0.0930
-3.6800	-0.0932
-3.6750	-0.0934
-3.6700	-0.0940
-3.6650	-0.0945
-3.6600	-0.0946
-3.6550	-0.0942
-3.6500	-0.0937
-3.6450	-0.0934
-3.6400	-0.0933
-3.6350	-0.0936
-3.6300	-0.0937
-3.6250	-0.0937
-3.6200	-0.0939
-3.6150	-0.0940
-3.6100	-0.0941
-3.6050	-0.0938
-3.6000	-0.0935
-3.5950	-0.0932
-3.5900	-0.0929
-3.5850	-0.0925
-3.5800	-0.0922
-3.5750	-0.0923
-3.5700	-0.0923
-3.5650	-0.0921
-3.5600	-0.0920
-3.5550	-0.0921
-3.5500	-0.0919
-3.5450	-0.0916
-3.5400	-0.0914
-3.5350	-0.0912
-3.5300	-0.0912
-3.5250	-0.0915
-3.5200	-0.0919
-3.5150	-0.0922
-3.5100	-0.0923
-3.5050	-0.0923
-3.5000	-0.0922
-3.4950	-0.0918
-3.4900	-0.0914
-3.4850	-0.0912
-3.4800	-0.0910
-3.4750	-0.0911
-3.4700	-0.0913
-3.4650	-0.0918
-3.4600	-0.0922
-3.4550	-0.0925
-3.4500	-0.0925
-3.4450	-0.0923
-3.4400	-0.0918
-3.4350	-0.0911
-3.4300	-0.0908
-3.4250	-0.0904
-3.4200	-0.0901
-3.4150	-0.0903
-3.4100	-0.0903
-3.4050	-0.0901
-3.4000	-0.0895
-3.3950	-0.0890
-3.3900	-0.0888
-3.3850	-0.0886
-3.3800	-0.0886
-3.3750	-0.0885
-3.3700	-0.0883
-3.3650	-0.0881
-3.3600	-0.0882
-3.3550	-0.0885
-3.3500	-0.0887
-3.3450	-0.0889
-3.3400	-0.0890
-3.3350	-0.0894
-3.3300	-0.0898
-3.3250	-0.0900
-3.3200	-0.0900
-3.3150	-0.0897
-3.3100	-0.0892
-3.3050	-0.0884
-3.3000	-0.0878
-3.2950	-0.0864
-3.2900	-0.0853
-3.2850	-0.0849
-3.2800	-0.0847
-3.2750	-0.0849
-3.2700	-0.0851
-3.2650	-0.0854
-3.2600	-0.0857
-3.2550	-0.0861
-3.2500	-0.0867
-3.2450	-0.0873
-3.2400	-0.0881
-3.2350	-0.0888
-3.2300	-0.0889
-3.2250	-0.0887
-3.2200	-0.0884
-3.2150	-0.0883
-3.2100	-0.0884
-3.2050	-0.0886
-3.2000	-0.0887
-3.1950	-0.0888
-3.1900	-0.0887
-3.1850	-0.0885
-3.1800	-0.0883
-3.1750	-0.0882
-3.1700	-0.0880
-3.1650	-0.0880
-3.1600	-0.0884
-3.1550	-0.0888
-3.1500	-0.0888
-3.1450	-0.0888
-3.1400	-0.0888
-3.1350	-0.0883
-3.1300	-0.0876
-3.1250	-0.0868
-3.1200	-0.0863
-3.1150	-0.0859
-3.1100	-0.0859
-3.1050	-0.0859
-3.1000	-0.0859
-3.0950	-0.0857
-3.0900	-0.0852
-3.0850	-0.0847
-3.0800	-0.0845
-3.0750	-0.0845
-3.0700	-0.0845
-3.0650	-0.0845
-3.0600	-0.0845
-3.0550	-0.0844
-3.0500	-0.0841
-3.0450	-0.0839
-3.0400	-0.0834
-3.0350	-0.0828
-3.0300	-0.0822
-3.0250	-0.0815
-3.0200	-0.0811
-3.0150	-0.0812
-3.0100	-0.0815
-3.0050	-0.0817
-3.0000	-0.0822
-2.9950	-0.0826
-2.9900	-0.0826
-2.9850	-0.0825
-2.9800	-0.0823
-2.9750	-0.0820
-2.9700	-0.0819
-2.9650	-0.0817
-2.9600	-0.0819
-2.9550	-0.0822
-2.9500	-0.0828
-2.9450	-0.0831
-2.9400	-0.0831
-2.9350	-0.0828
-2.9300	-0.0824
-2.9250	-0.0821
-2.9200	-0.0814
-2.9150	-0.0808
-2.9100	-0.0808
-2.9050	-0.0810
-2.9000	-0.0812
-2.8950	-0.0813
-2.8900	-0.0814
-2.8850	-0.0816
-2.8800	-0.0819
-2.8750	-0.0821
-2.8700	-0.0821
-2.8650	-0.0821
-2.8600	-0.0819
-2.8550	-0.0815
-2.8500	-0.0808
-2.8450	-0.0799
-2.8400	-0.0792
-2.8350	-0.0790
-2.8300	-0.0796
-2.8250	-0.0804
-2.8200	-0.0812
-2.8150	-0.0813
-2.8100	-0.0813
-2.8050	-0.0812
-2.8000	-0.0809
-2.7950	-0.0807
-2.7900	-0.0805
-2.7850	-0.0807
-2.7800	-0.0808
-2.7750	-0.0807
-2.7700	-0.0804
-2.7650	-0.0801
-2.7600	-0.0795
-2.7550	-0.0790
-2.7500	-0.0789
-2.7450	-0.0790
-2.7400	-0.0792
-2.7350	-0.0794
-2.7300	-0.0794
-2.7250	-0.0790
-2.7200	-0.0787
-2.7150	-0.0784
-2.7100	-0.0783
-2.7050	-0.0785
-2.7000	-0.0788
-2.6950	-0.0789
-2.6900	-0.0791
-2.6850	-0.0792
-2.6800	-0.0794
-2.6750	-0.0796
-2.6700	-0.0797
-2.6650	-0.0796
-2.6600	-0.0794
-2.6550	-0.0791
-2.6500	-0.0787
-2.6450	-0.0784
-2.6400	-0.0783
-2.6350	-0.0783
-2.6300	-0.0782
-2.6250	-0.0780
-2.6200	-0.0778
-2.6150	-0.0776
-2.6100	-0.0771
-2.6050	-0.0765
-2.6000	-0.0760
-2.5950	-0.0756
-2.5900	-0.0753
-2.5850	-0.0751
-2.5800	-0.0750
-2.5750	-0.0753
-2.5700	-0.0755
-2.5650	-0.0755
-2.5600	-0.0758
-2.5550	-0.0762
-2.5500	-0.0767
-2.5450	-0.0771
-2.5400	-0.0771
-2.5350	-0.0767
-2.5300	-0.0764
-2.5250	-0.0763
-2.5200	-0.0767
-2.5150	-0.0771
-2.5100	-0.0769
-2.5050	-0.0767
-2.5000	-0.0767
-2.4950	-0.0767
-2.4900	-0.0769
-2.4850	-0.0770
-2.4800	-0.0770
-2.4750	-0.0767
-2.4700	-0.0765
-2.4650	-0.0760
-2.4600	-0.0755
-2.4550	-0.0752
-2.4500	-0.0748
-2.4450	-0.0745
-2.4400	-0.0741
-2.4350	-0.0738
-2.4300	-0.0734
-2.4250	-0.0726
-2.4200	-0.0719
-2.4150	-0.0716
-2.4100	-0.0714
-2.4050	-0.0713
-2.4000	-0.0712
-2.3950	-0.0712
-2.3900	-0.0713
-2.3850	-0.0715
-2.3800	-0.0717
-2.3750	-0.0720
-2.3700	-0.0723
-2.3650	-0.0724
-2.3600	-0.0722
-2.3550	-0.0719
-2.3500	-0.0716
-2.3450	-0.0714
-2.3400	-0.0713
-2.3350	-0.0715
-2.3300	-0.0718
-2.3250	-0.0718
-2.3200	-0.0722
-2.3150	-0.0726
-2.3100	-0.0727
-2.3050	-0.0727
-2.3000	-0.0727
-2.2950	-0.0727
-2.2900	-0.0728
-2.2850	-0.0730
-2.2800	-0.0734
-2.2750	-0.0736
-2.2700	-0.0733
-2.2650	-0.0724
-2.2600	-0.0714
-2.2550	-0.0711
-2.2500	-0.0708
-2.2450	-0.0708
-2.2400	-0.0710
-2.2350	-0.0711
-2.2300	-0.0712
-2.2250	-0.0712
-2.2200	-0.0712
-2.2150	-0.0711
-2.2100	-0.0710
-2.2050	-0.0710
-2.2000	-0.0711
-2.1950	-0.0711
-2.1900	-0.0710
-2.1850	-0.0707
-2.1800	-0.0703
-2.1750	-0.0705
-2.1700	-0.0709
-2.1650	-0.0712
-2.1600	-0.0713
-2.1550	-0.0712
-2.1500	-0.0708
-2.1450	-0.0704
-2.1400	-0.0702
-2.1350	-0.0702
-2.1300	-0.0703
-2.1250	-0.0703
-2.1200	-0.0700
-2.1150	-0.0695
-2.1100	-0.0690
-2.1050	-0.0685
-2.1000	-0.0681
-2.0950	-0.0676
-2.0900	-0.0672
-2.0850	-0.0671
-2.0800	-0.0669
-2.0750	-0.0668
-2.0700	-0.0668
-2.0650	-0.0665
-2.0600	-0.0662
-2.0550	-0.0662
-2.0500	-0.0664
-2.0450	-0.0667
-2.0400	-0.0669
-2.0350	-0.0670
-2.0300	-0.0671
-2.0250	-0.0671
-2.0200	-0.0670
-2.0150	-0.0665
-2.0100	-0.0661
-2.0050	-0.0657
-2.0000	-0.0654
-1.9950	-0.0650
-1.9900	-0.0645
-1.9850	-0.0642
-1.9800	-0.0641
-1.9750	-0.0647
-1.9700	-0.0655
-1.9650	-0.0662
-1.9600	-0.0666
-1.9550	-0.0669
-1.9500	-0.0669
-1.9450	-0.0668
-1.9400	-0.0667
-1.9350	-0.0666
-1.9300	-0.0664
-1.9250	-0.0664
-1.9200	-0.0656
-1.9150	-0.0646
-1.9100	-0.0639
-1.9050	-0.0635
-1.9000	-0.0635
-1.8950	-0.0637
-1.8900	-0.0638
-1.8850	-0.0636
-1.8800	-0.0634
-1.8750	-0.0634
-1.8700	-0.0638
-1.8650	-0.0643
-1.8600	-0.0645
-1.8550	-0.0645
-1.8500	-0.0644
-1.8450	-0.0641
-1.8400	-0.0636
-1.8350	-0.0631
-1.8300	-0.0627
-1.8250	-0.0622
-1.8200	-0.0617
-1.8150	-0.0613
-1.8100	-0.0612
-1.8050	-0.0613
-1.8000	-0.0616
-1.7950	-0.0617
-1.7900	-0.0615
-1.7850	-0.0614
-1.7800	-0.0614
-1.7750	-0.0617
-1.7700	-0.0619
-1.7650	-0.0619
-1.7600	-0.0623
-1.7550	-0.0628
-1.7500	-0.0633
-1.7450	-0.0637
-1.7400	-0.0638
-1.7350	-0.0638
-1.7300	-0.0634
-1.7250	-0.0628
-1.7200	-0.0617
-1.7150	-0.0605
-1.7100	-0.0597
-1.7050	-0.0593
-1.7000	-0.0592
-1.6950	-0.0593
-1.6900	-0.0596
-1.6850	-0.0598
-1.6800	-0.0601
-1.6750	-0.0602
-1.6700	-0.0604
-1.6650	-0.0605
-1.6600	-0.0604
-1.6550	-0.0605
-1.6500	-0.0606
-1.6450	-0.0607
-1.6400	-0.0605
-1.6350	-0.0602
-1.6300	-0.0601
-1.6250	-0.0600
-1.6200	-0.0600
-1.6150	-0.0600
-1.6100	-0.0600
-1.6050	-0.0601
-1.6000	-0.0603
-1.5950	-0.0606
-1.5900	-0.0609
-1.5850	-0.0609
-1.5800	-0.0608
-1.5750	-0.0602
-1.5700	-0.0596
-1.5650	-0.0592
-1.5600	-0.0588
-1.5550	-0.0587
-1.5500	-0.0588
-1.5450	-0.0589
-1.5400	-0.0590
-1.5350	-0.0590
-1.5300	-0.0589
-1.5250	-0.0587
-1.5200	-0.0585
-1.5150	-0.0585
-1.5100	-0.0585
-1.5050	-0.0584
-1.5000	-0.0584
-1.4950	-0.0579
-1.4900	-0.0577
-1.4850	-0.0578
-1.4800	-0.0580
-1.4750	-0.0583
-1.4700	-0.0584
-1.4650	-0.0584
-1.4600	-0.0583
-1.4550	-0.0578
-1.4500	-0.0573
-1.4450	-0.0571
-1.4400	-0.0569
-1.4350	-0.0569
-1.4300	-0.0569
-1.4250	-0.0568
-1.4200	-0.0568
-1.4150	-0.0565
-1.4100	-0.0558
-1.4050	-0.0552
-1.4000	-0.0548
-1.3950	-0.0549
-1.3900	-0.0552
-1.3850	-0.0556
-1.3800	-0.0558
-1.3750	-0.0559
-1.3700	-0.0559
-1.3650	-0.0559
-1.3600	-0.0561
-1.3550	-0.0565
-1.3500	-0.0569
-1.3450	-0.0573
-1.3400	-0.0576
-1.3350	-0.0576
-1.3300	-0.0576
-1.3250	-0.0575
-1.3200	-0.0574
-1.3150	-0.0572
-1.3100	-0.0570
-1.3050	-0.0568
-1.3000	-0.0567
-1.2950	-0.0564
-1.2900	-0.0561
-1.2850	-0.0558
-1.2800	-0.0556
-1.2750	-0.0558
-1.2700	-0.0562
-1.2650	-0.0565
-1.2600	-0.0563
-1.2550	-0.0556
-1.2500	-0.0549
-1.2450	-0.0546
-1.2400	-0.0544
-1.2350	-0.0542
-1.2300	-0.0541
-1.2250	-0.0539
-1.2200	-0.0535
-1.2150	-0.0531
-1.2100	-0.0529
-1.2050	-0.0529
-1.2000	-0.0530
-1.1950	-0.0531
-1.1900	-0.0529
-1.1850	-0.0526
-1.1800	-0.0525
-1.1750	-0.0526
-1.1700	-0.0528
-1.1650	-0.0528
-1.1600	-0.0528
-1.1550	-0.0526
-1.1500	-0.0524
-1.1450	-0.0521
-1.1400	-0.0519
-1.1350	-0.0518
-1.1300	-0.0520
-1.1250	-0.0522
-1.1200	-0.0525
-1.1150	-0.0528
-1.1100	-0.0529
-1.1050	-0.0527
-1.1000	-0.0524
-1.0950	-0.0513
-1.0900	-0.0502
-1.0850	-0.0495
-1.0800	-0.0492
-1.0750	-0.0493
-1.0700	-0.0497
-1.0650	-0.0504
-1.0600	-0.0510
-1.0550	-0.0513
-1.0500	-0.0513
-1.0450	-0.0511
-1.0400	-0.0508
-1.0350	-0.0505
-1.0300	-0.0503
-1.0250	-0.0499
-1.0200	-0.0496
-1.0150	-0.0492
-1.0100	-0.0489
-1.0050	-0.0485
-1.0000	-0.0484
-0.9950	-0.0483
-0.9900	-0.0483
-0.9850	-0.0482
-0.9800	-0.0482
-0.9750	-0.0485
-0.9700	-0.0489
-0.9650	-0.0490
-0.9600	-0.0491
-0.9550	-0.0493
-0.9500	-0.0493
-0.9450	-0.0492
-0.9400	-0.0489
-0.9350	-0.0484
-0.9300	-0.0477
-0.9250	-0.0473
-0.9200	-0.0470
-0.9150	-0.0470
-0.9100	-0.0472
-0.9050	-0.0476
-0.9000	-0.0480
-0.8950	-0.0485
-0.8900	-0.0487
-0.8850	-0.0487
-0.8800	-0.0485
-0.8750	-0.0482
-0.8700	-0.0482
-0.8650	-0.0480
-0.8600	-0.0480
-0.8550	-0.0479
-0.8500	-0.0477
-0.8450	-0.0475
-0.8400	-0.0471
-0.8350	-0.0466
-0.8300	-0.0464
-0.8250	-0.0463
-0.8200	-0.0464
-0.8150	-0.0463
-0.8100	-0.0463
-0.8050	-0.0464
-0.8000	-0.0463
-0.7950	-0.0461
-0.7900	-0.0459
-0.7850	-0.0458
-0.7800	-0.0458
-0.7750	-0.0462
-0.7700	-0.0463
-0.7650	-0.0463
-0.7600	-0.0460
-0.7550	-0.0455
-0.7500	-0.0450
-0.7450	-0.0446
-0.7400	-0.0445
-0.7350	-0.0448
-0.7300	-0.0452
-0.7250	-0.0452
-0.7200	-0.0454
-0.7150	-0.0456
-0.7100	-0.0459
-0.7050	-0.0461
-0.7000	-0.0460
-0.6950	-0.0456
-0.6900	-0.0451
-0.6850	-0.0449
-0.6800	-0.0445
-0.6750	-0.0441
-0.6700	-0.0439
-0.6650	-0.0436
-0.6600	-0.0435
-0.6550	-0.0433
-0.6500	-0.0431
-0.6450	-0.0429
-0.6400	-0.0423
-0.6350	-0.0416
-0.6300	-0.0414
-0.6250	-0.0410
-0.6200	-0.0405
-0.6150	-0.0404
-0.6100	-0.0405
-0.6050	-0.0409
-0.6000	-0.0413
-0.5950	-0.0417
-0.5900	-0.0418
-0.5850	-0.0422
-0.5800	-0.0425
-0.5750	-0.0428
-0.5700	-0.0427
-0.5650	-0.0425
-0.5600	-0.0422
-0.5550	-0.0418
-0.5500	-0.0417
-0.5450	-0.0417
-0.5400	-0.0417
-0.5350	-0.0417
-0.5300	-0.0418
-0.5250	-0.0420
-0.5200	-0.0422
-0.5150	-0.0424
-0.5100	-0.0427
-0.5050	-0.0430
-0.5000	-0.0432
-0.4950	-0.0431
-0.4900	-0.0428
-0.4850	-0.0424
-0.4800	-0.0417
-0.4750	-0.0412
-0.4700	-0.0408
-0.4650	-0.0404
-0.4600	-0.0401
-0.4550	-0.0399
-0.4500	-0.0397
-0.4450	-0.0396
-0.4400	-0.0396
-0.4350	-0.0396
-0.4300	-0.0395
-0.4250	-0.0395
-0.4200	-0.0395
-0.4150	-0.0390
-0.4100	-0.0384
-0.4050	-0.0380
-0.4000	-0.0378
-0.3950	-0.0380
-0.3900	-0.0383
-0.3850	-0.0385
-0.3800	-0.0386
-0.3750	-0.0392
-0.3700	-0.0399
-0.3650	-0.0405
-0.3600	-0.0412
-0.3550	-0.0419
-0.3500	-0.0423
-0.3450	-0.0425
-0.3400	-0.0424
-0.3350	-0.0412
-0.3300	-0.0400
-0.3250	-0.0393
-0.3200	-0.0386
-0.3150	-0.0382
-0.3100	-0.0382
-0.3050	-0.0382
-0.3000	-0.0381
-0.2950	-0.0380
-0.2900	-0.0380
-0.2850	-0.0379
-0.2800	-0.0378
-0.2750	-0.0377
-0.2700	-0.0377
-0.2650	-0.0378
-0.2600	-0.0379
-0.2550	-0.0383
-0.2500	-0.0387
-0.2450	-0.0390
-0.2400	-0.0393
-0.2350	-0.0395
-0.2300	-0.0396
-0.2250	-0.0395
-0.2200	-0.0391
-0.2150	-0.0379
-0.2100	-0.0366
-0.2050	-0.0357
-0.2000	-0.0354
-0.1950	-0.0353
-0.1900	-0.0355
-0.1850	-0.0355
-0.1800	-0.0354
-0.1750	-0.0352
-0.1700	-0.0351
-0.1650	-0.0353
-0.1600	-0.0359
-0.1550	-0.0365
-0.1500	-0.0369
-0.1450	-0.0372
-0.1400	-0.0372
-0.1350	-0.0373
-0.1300	-0.0373
-0.1250	-0.0373
-0.1200	-0.0372
-0.1150	-0.0369
-0.1100	-0.0363
-0.1050	-0.0352
-0.1000	-0.0341
-0.0950	-0.0339
-0.0900	-0.0338
-0.0850	-0.0338
-0.0800	-0.0339
-0.0750	-0.0339
-0.0700	-0.0342
-0.0650	-0.0347
-0.0600	-0.0351
-0.0550	-0.0352
-0.0500	-0.0351
-0.0450	-0.0349
-0.0400	-0.0348
-0.0350	-0.0349
-0.0300	-0.0351
-0.0250	-0.0356
-0.0200	-0.0362
-0.0150	-0.0363
-0.0100	-0.0362
-0.0050	-0.0358
0.0000	-0.0349
0.0050	-0.0340
0.0100	-0.0336
0.0150	-0.0336
0.0200	-0.0340
0.0250	-0.0344
0.0300	-0.0349
0.0350	-0.0354
0.0400	-0.0352
0.0450	-0.0345
0.0500	-0.0336
0.0550	-0.0326
0.0600	-0.0317
0.0650	-0.0312
0.0700	-0.0307
0.0750	-0.0304
0.0800	-0.0303
0.0850	-0.0303
0.0900	-0.0303
0.0950	-0.0306
0.1000	-0.0309
0.1050	-0.0313
0.1100	-0.0317
0.1150	-0.0320
0.1200	-0.0324
0.1250	-0.0327
0.1300	-0.0329
0.1350	-0.0328
0.1400	-0.0322
0.1450	-0.0315
0.1500	-0.0307
0.1550	-0.0301
0.1600	-0.0296
0.1650	-0.0293
0.1700	-0.0291
0.1750	-0.0291
0.1800	-0.0293
0.1850	-0.0299
0.1900	-0.0305
0.1950	-0.0308
0.2000	-0.0309
0.2050	-0.0308
0.2100	-0.0305
0.2150	-0.0301
0.2200	-0.0297
0.2250	-0.0294
0.2300	-0.0292
0.2350	-0.0292
0.2400	-0.0293
0.2450	-0.0294
0.2500	-0.0294
0.2550	-0.0295
0.2600	-0.0295
0.2650	-0.0295
0.2700	-0.0291
0.2750	-0.0284
0.2800	-0.0277
0.2850	-0.0269
0.2900	-0.0266
0.2950	-0.0265
0.3000	-0.0266
0.3050	-0.0266
0.3100	-0.0271
0.3150	-0.0277
0.3200	-0.0280
0.3250	-0.0282
0.3300	-0.0281
0.3350	-0.0277
0.3400	-0.0274
0.3450	-0.0274
0.3500	-0.0277
0.3550	-0.0281
0.3600	-0.0282
0.3650	-0.0283
0.3700	-0.0283
0.3750	-0.0283
0.3800	-0.0282
0.3850	-0.0282
0.3900	-0.0279
0.3950	-0.0275
0.4000	-0.0273
0.4050	-0.0268
0.4100	-0.0262
0.4150	-0.0257
0.4200	-0.0257
0.4250	-0.0262
0.4300	-0.0268
0.4350	-0.0273
0.4400	-0.0274
0.4450	-0.0272
0.4500	-0.0269
0.4550	-0.0263
0.4600	-0.0258
0.4650	-0.0256
0.4700	-0.0255
0.4750	-0.0256
0.4800	-0.0260
0.4850	-0.0263
0.4900	-0.0264
0.4950	-0.0262
0.5000	-0.0257
0.5050	-0.0253
0.5100	-0.0249
0.5150	-0.0247
0.5200	-0.0247
0.5250	-0.0247
0.5300	-0.0246
0.5350	-0.0246
0.5400	-0.0244
0.5450	-0.0243
0.5500	-0.0242
0.5550	-0.0242
0.5600	-0.0241
0.5650	-0.0239
0.5700	-0.0236
0.5750	-0.0235
0.5800	-0.0236
0.5850	-0.0238
0.5900	-0.0240
0.5950	-0.0240
0.6000	-0.0239
0.6050	-0.0241
0.6100	-0.0244
0.6150	-0.0248
0.6200	-0.0248
0.6250	-0.0246
0.6300	-0.0240
0.6350	-0.0234
0.6400	-0.0231
0.6450	-0.0230
0.6500	-0.0229
0.6550	-0.0230
0.6600	-0.0231
0.6650	-0.0231
0.6700	-0.0231
0.6750	-0.0230
0.6800	-0.0229
0.6850	-0.0229
0.6900	-0.0228
0.6950	-0.0224
0.7000	-0.0221
0.7050	-0.0218
0.7100	-0.0217
0.7150	-0.0216
0.7200	-0.0216
0.7250	-0.0217
0.7300	-0.0220
0.7350	-0.0223
0.7400	-0.0228
0.7450	-0.0231
0.7500	-0.0229
0.7550	-0.0226
0.7600	-0.0222
0.7650	-0.0216
0.7700	-0.0211
0.7750	-0.0208
0.7800	-0.0201
0.7850	-0.0194
0.7900	-0.0191
0.7950	-0.0189
0.8000	-0.0188
0.8050	-0.0189
0.8100	-0.0191
0.8150	-0.0193
0.8200	-0.0193
0.8250	-0.0191
0.8300	-0.0187
0.8350	-0.0185
0.8400	-0.0184
0.8450	-0.0181
0.8500	-0.0178
0.8550	-0.0178
0.8600	-0.0184
0.8650	-0.0191
0.8700	-0.0196
0.8750	-0.0197
0.8800	-0.0195
0.8850	-0.0194
0.8900	-0.0194
0.8950	-0.0195
0.9000	-0.0194
0.9050	-0.0193
0.9100	-0.0193
0.9150	-0.0196
0.9200	-0.0201
0.9250	-0.0204
0.9300	-0.0204
0.9350	-0.0204
0.9400	-0.0199
0.9450	-0.0194
0.9500	-0.0189
0.9550	-0.0184
0.9600	-0.0178
0.9650	-0.0176
0.9700	-0.0173
0.9750	-0.0171
0.9800	-0.0172
0.9850	-0.0172
0.9900	-0.0171
0.9950	-0.0165
1.0000	-0.0157
1.0050	-0.0150
1.0100	-0.0147
1.0150	-0.0149
1.0200	-0.0152
1.0250	-0.0155
1.0300	-0.0157
1.0350	-0.0160
1.0400	-0.0161
1.0450	-0.0160
1.0500	-0.0156
1.0550	-0.0150
1.0600	-0.0146
1.0650	-0.0145
1.0700	-0.0146
1.0750	-0.0149
1.0800	-0.0150
1.0850	-0.0150
1.0900	-0.0151
1.0950	-0.0152
1.1000	-0.0152
1.1050	-0.0152
1.1100	-0.0151
1.1150	-0.0149
1.1200	-0.0145
1.1250	-0.0140
1.1300	-0.0136
1.1350	-0.0136
1.1400	-0.0136
1.1450	-0.0135
1.1500	-0.0133
1.1550	-0.0134
1.1600	-0.0138
1.1650	-0.0142
1.1700	-0.0146
1.1750	-0.0150
1.1800	-0.0151
1.1850	-0.0149
1.1900	-0.0145
1.1950	-0.0145
1.2000	-0.0147
1.2050	-0.0151
1.2100	-0.0153
1.2150	-0.0154
1.2200	-0.0154
1.2250	-0.0152
1.2300	-0.0149
1.2350	-0.0146
1.2400	-0.0143
1.2450	-0.0142
1.2500	-0.0139
1.2550	-0.0133
1.2600	-0.0128
1.2650	-0.0122
1.2700	-0.0119
1.2750	-0.0118
1.2800	-0.0117
1.2850	-0.0118
1.2900	-0.0122
1.2950	-0.0126
1.3000	-0.0128
1.3050	-0.0129
1.3100	-0.0128
1.3150	-0.0127
1.3200	-0.0129
1.3250	-0.0132
1.3300	-0.0136
1.3350	-0.0138
1.3400	-0.0137
1.3450	-0.0135
1.3500	-0.0133
1.3550	-0.0132
1.3600	-0.0128
1.3650	-0.0125
1.3700	-0.0124
1.3750	-0.0125
1.3800	-0.0126
1.3850	-0.0125
1.3900	-0.0124
1.3950	-0.0124
1.4000	-0.0122
1.4050	-0.0120
1.4100	-0.0120
1.4150	-0.0117
1.4200	-0.0111
1.4250	-0.0104
1.4300	-0.0099
1.4350	-0.0099
1.4400	-0.0100
1.4450	-0.0100
1.4500	-0.0097
1.4550	-0.0092
1.4600	-0.0087
1.4650	-0.0084
1.4700	-0.0078
1.4750	-0.0073
1.4800	-0.0070
1.4850	-0.0071
1.4900	-0.0073
1.4950	-0.0076
1.5000	-0.0079
1.5050	-0.0080
1.5100	-0.0082
1.5150	-0.0082
1.5200	-0.0081
1.5250	-0.0080
1.5300	-0.0081
1.5350	-0.0083
1.5400	-0.0085
1.5450	-0.0085
1.5500	-0.0085
1.5550	-0.0085
1.5600	-0.0085
1.5650	-0.0085
1.5700	-0.0084
1.5750	-0.0079
1.5800	-0.0074
1.5850	-0.0072
1.5900	-0.0070
1.5950	-0.0071
1.6000	-0.0073
1.6050	-0.0074
1.6100	-0.0075
1.6150	-0.0074
1.6200	-0.0071
1.6250	-0.0069
1.6300	-0.0068
1.6350	-0.0068
1.6400	-0.0071
1.6450	-0.0075
1.6500	-0.0079
1.6550	-0.0080
1.6600	-0.0078
1.6650	-0.0076
1.6700	-0.0074
1.6750	-0.0074
1.6800	-0.0074
1.6850	-0.0069
1.6900	-0.0063
1.6950	-0.0057
1.7000	-0.0057
1.7050	-0.0058
1.7100	-0.0055
1.7150	-0.0051
1.7200	-0.0046
1.7250	-0.0042
1.7300	-0.0038
1.7350	-0.0036
1.7400	-0.0038
1.7450	-0.0043
1.7500	-0.0048
1.7550	-0.0052
1.7600	-0.0054
1.7650	-0.0055
1.7700	-0.0055
1.7750	-0.0053
1.7800	-0.0051
1.7850	-0.0047
1.7900	-0.0043
1.7950	-0.0041
1.8000	-0.0040
1.8050	-0.0041
1.8100	-0.0044
1.8150	-0.0046
1.8200	-0.0045
1.8250	-0.0041
1.8300	-0.0035
1.8350	-0.0028
1.8400	-0.0021
1.8450	-0.0018
1.8500	-0.0014
1.8550	-0.0013
1.8600	-0.0013
1.8650	-0.0015
1.8700	-0.0018
1.8750	-0.0020
1.8800	-0.0021
1.8850	-0.0021
1.8900	-0.0019
1.8950	-0.0016
1.9000	-0.0015
1.9050	-0.0013
1.9100	-0.0010
1.9150	-0.0009
1.9200	-0.0007
1.9250	-0.0005
1.9300	-0.0003
1.9350	-0.0002
1.9400	-0.0002
1.9450	-0.0006
1.9500	-0.0009
1.9550	-0.0009
1.9600	-0.0004
1.9650	0.0003
1.9700	0.0007
1.9750	0.0008
1.9800	0.0007
1.9850	0.0007
1.9900	0.0007
1.9950	0.0007
2.0000	0.0003
2.0050	-0.0000
2.0100	-0.0002
2.0150	-0.0005
2.0200	-0.0008
2.0250	-0.0008
2.0300	-0.0008
2.0350	-0.0008
2.0400	-0.0007
2.0450	-0.0004
2.0500	-0.0000
2.0550	0.0003
2.0600	0.0006
2.0650	0.0011
2.0700	0.0015
2.0750	0.0017
2.0800	0.0017
2.0850	0.0017
2.0900	0.0020
2.0950	0.0022
2.1000	0.0022
2.1050	0.0021
2.1100	0.0018
2.1150	0.0015
2.1200	0.0014
2.1250	0.0015
2.1300	0.0017
2.1350	0.0021
2.1400	0.0026
2.1450	0.0030
2.1500	0.0033
2.1550	0.0037
2.1600	0.0040
2.1650	0.0043
2.1700	0.0046
2.1750	0.0046
2.1800	0.0048
2.1850	0.0048
2.1900	0.0048
2.1950	0.0046
2.2000	0.0045
2.2050	0.0044
2.2100	0.0044
2.2150	0.0044
2.2200	0.0043
2.2250	0.0041
2.2300	0.0043
2.2350	0.0049
2.2400	0.0055
2.2450	0.0055
2.2500	0.0051
2.2550	0.0045
2.2600	0.0042
2.2650	0.0042
2.2700	0.0043
2.2750	0.0044
2.2800	0.0045
2.2850	0.0045
2.2900	0.0046
2.2950	0.0048
2.3000	0.0053
2.3050	0.0056
2.3100	0.0057
2.3150	0.0057
2.3200	0.0056
2.3250	0.0055
2.3300	0.0053
2.3350	0.0050
2.3400	0.0047
2.3450	0.0043
2.3500	0.0038
2.3550	0.0037
2.3600	0.0038
2.3650	0.0040
2.3700	0.0044
2.3750	0.0047
2.3800	0.0047
2.3850	0.0045
2.3900	0.0042
2.3950	0.0042
2.4000	0.0043
2.4050	0.0044
2.4100	0.0046
2.4150	0.0051
2.4200	0.0056
2.4250	0.0062
2.4300	0.0069
2.4350	0.0075
2.4400	0.0083
2.4450	0.0090
2.4500	0.0094
2.4550	0.0100
2.4600	0.0105
2.4650	0.0107
2.4700	0.0107
2.4750	0.0104
2.4800	0.0097
2.4850	0.0090
2.4900	0.0088
2.4950	0.0089
2.5000	0.0092
2.5050	0.0093
2.5100	0.0093
2.5150	0.0090
2.5200	0.0090
2.5250	0.0089
2.5300	0.0089
2.5350	0.0094
2.5400	0.0099
2.5450	0.0103
2.5500	0.0107
2.5550	0.0110
2.5600	0.0112
2.5650	0.0114
2.5700	0.0114
2.5750	0.0115
2.5800	0.0114
2.5850	0.0112
2.5900	0.0108
2.5950	0.0104
2.6000	0.0100
2.6050	0.0095
2.6100	0.0092
2.6150	0.0091
2.6200	0.0091
2.6250	0.0092
2.6300	0.0093
2.6350	0.0095
2.6400	0.0098
2.6450	0.0100
2.6500	0.0100
2.6550	0.0100
2.6600	0.0100
2.6650	0.0100
2.6700	0.0101
2.6750	0.0101
2.6800	0.0099
2.6850	0.0097
2.6900	0.0095
2.6950	0.0095
2.7000	0.0101
2.7050	0.0108
2.7100	0.0113
2.7150	0.0116
2.7200	0.0119
2.7250	0.0119
2.7300	0.0118
2.7350	0.0116
2.7400	0.0115
2.7450	0.0114
2.7500	0.0114
2.7550	0.0117
2.7600	0.0122
2.7650	0.0128
2.7700	0.0129
2.7750	0.0127
2.7800	0.0123
2.7850	0.0121
2.7900	0.0121
2.7950	0.0122
2.8000	0.0122
2.8050	0.0121
2.8100	0.0122
2.8150	0.0125
2.8200	0.0130
2.8250	0.0136
2.8300	0.0141
2.8350	0.0144
2.8400	0.0146
2.8450	0.0147
2.8500	0.0148
2.8550	0.0148
2.8600	0.0148
2.8650	0.0148
2.8700	0.0149
2.8750	0.0150
2.8800	0.0149
2.8850	0.0147
2.8900	0.0143
2.8950	0.0140
2.9000	0.0137
2.9050	0.0135
2.9100	0.0133
2.9150	0.0134
2.9200	0.0136
2.9250	0.0139
2.9300	0.0143
2.9350	0.0143
2.9400	0.0144
2.9450	0.0145
2.9500	0.0145
2.9550	0.0145
2.9600	0.0144
2.9650	0.0142
2.9700	0.0141
2.9750	0.0141
2.9800	0.0143
2.9850	0.0146
2.9900	0.0151
2.9950	0.0155
3.0000	0.0157
3.0050	0.0159
3.0100	0.0162
3.0150	0.0166
3.0200	0.0171
3.0250	0.0174
3.0300	0.0173
3.0350	0.0172
3.0400	0.0172
3.0450	0.0171
3.0500	0.0171
3.0550	0.0174
3.0600	0.0172
3.0650	0.0168
3.0700	0.0163
3.0750	0.0162
3.0800	0.0161
3.0850	0.0160
3.0900	0.0163
3.0950	0.0170
3.1000	0.0179
3.1050	0.0186
3.1100	0.0190
3.1150	0.0191
3.1200	0.0193
3.1250	0.0194
3.1300	0.0194
3.1350	0.0192
3.1400	0.0188
3.1450	0.0185
3.1500	0.0186
3.1550	0.0194
3.1600	0.0203
3.1650	0.0210
3.1700	0.0210
3.1750	0.0208
3.1800	0.0208
3.1850	0.0206
3.1900	0.0205
3.1950	0.0203
3.2000	0.0202
3.2050	0.0199
3.2100	0.0197
3.2150	0.0195
3.2200	0.0194
3.2250	0.0194
3.2300	0.0197
3.2350	0.0204
3.2400	0.0209
3.2450	0.0214
3.2500	0.0216
3.2550	0.0220
3.2600	0.0225
3.2650	0.0230
3.2700	0.0231
3.2750	0.0230
3.2800	0.0228
3.2850	0.0226
3.2900	0.0225
3.2950	0.0228
3.3000	0.0230
3.3050	0.0230
3.3100	0.0226
3.3150	0.0222
3.3200	0.0220
3.3250	0.0219
3.3300	0.0219
3.3350	0.0219
3.3400	0.0221
3.3450	0.0223
3.3500	0.0223
3.3550	0.0222
3.3600	0.0221
3.3650	0.0223
3.3700	0.0227
3.3750	0.0231
3.3800	0.0232
3.3850	0.0232
3.3900	0.0230
3.3950	0.0230
3.4000	0.0230
3.4050	0.0231
3.4100	0.0233
3.4150	0.0234
3.4200	0.0233
3.4250	0.0229
3.4300	0.0223
3.4350	0.0220
3.4400	0.0217
3.4450	0.0217
3.4500	0.0219
3.4550	0.0220
3.4600	0.0221
3.4650	0.0226
3.4700	0.0232
3.4750	0.0241
3.4800	0.0249
3.4850	0.0254
3.4900	0.0257
3.4950	0.0256
3.5000	0.0254
3.5050	0.0254
3.5100	0.0254
3.5150	0.0255
3.5200	0.0253
3.5250	0.0250
3.5300	0.0248
3.5350	0.0247
3.5400	0.0248
3.5450	0.0253
3.5500	0.0260
3.5550	0.0267
3.5600	0.0267
3.5650	0.0269
3.5700	0.0271
3.5750	0.0271
3.5800	0.0273
3.5850	0.0274
3.5900	0.0272
3.5950	0.0269
3.6000	0.0266
3.6050	0.0267
3.6100	0.0269
3.6150	0.0272
3.6200	0.0275
3.6250	0.0276
3.6300	0.0275
3.6350	0.0273
3.6400	0.0271
3.6450	0.0270
3.6500	0.0266
3.6550	0.0260
3.6600	0.0255
3.6650	0.0251
3.6700	0.0250
3.6750	0.0257
3.6800	0.0266
3.6850	0.0278
3.6900	0.0292
3.6950	0.0302
3.7000	0.0300
3.7050	0.0297
3.7100	0.0293
3.7150	0.0293
3.7200	0.0295
3.7250	0.0298
3.7300	0.0303
3.7350	0.0304
3.7400	0.0300
3.7450	0.0295
3.7500	0.0291
3.7550	0.0289
3.7600	0.0286
3.7650	0.0282
3.7700	0.0278
3.7750	0.0273
3.7800	0.0270
3.7850	0.0271
3.7900	0.0273
3.7950	0.0276
3.8000	0.0281
3.8050	0.0286
3.8100	0.0292
3.8150	0.0296
3.8200	0.0299
3.8250	0.0300
3.8300	0.0300
3.8350	0.0300
3.8400	0.0300
3.8450	0.0297
3.8500	0.0293
3.8550	0.0289
3.8600	0.0290
3.8650	0.0293
3.8700	0.0296
3.8750	0.0298
3.8800	0.0298
3.8850	0.0300
3.8900	0.0306
3.8950	0.0313
3.9000	0.0323
3.9050	0.0327
3.9100	0.0324
3.9150	0.0317
3.9200	0.0310
3.9250	0.0310
3.9300	0.0311
3.9350	0.0314
3.9400	0.0315
3.9450	0.0318
3.9500	0.0319
3.9550	0.0324
3.9600	0.0328
3.9650	0.0331
3.9700	0.0338
3.9750	0.0344
3.9800	0.0348
3.9850	0.0346
3.9900	0.0344
3.9950	0.0344
4.0000	0.0344
4.0050	0.0344
4.0100	0.0345
4.0150	0.0350
4.0200	0.0354
4.0250	0.0354
4.0300	0.0350
4.0350	0.0345
4.0400	0.0337
4.0450	0.0329
4.0500	0.0322
4.0550	0.0316
4.0600	0.0311
4.0650	0.0308
4.0700	0.0309
4.0750	0.0316
4.0800	0.0328
4.0850	0.0339
4.0900	0.0348
4.0950	0.0353
4.1000	0.0356
4.1050	0.0356
4.1100	0.0352
4.1150	0.0346
4.1200	0.0341
4.1250	0.0338
4.1300	0.0338
4.1350	0.0340
4.1400	0.0346
4.1450	0.0351
4.1500	0.0354
4.1550	0.0355
4.1600	0.0353
4.1650	0.0353
4.1700	0.0353
4.1750	0.0353
4.1800	0.0350
4.1850	0.0347
4.1900	0.0343
4.1950	0.0339
4.2000	0.0337
4.2050	0.0337
4.2100	0.0344
4.2150	0.0354
4.2200	0.0363
4.2250	0.0368
4.2300	0.0371
4.2350	0.0373
4.2400	0.0375
4.2450	0.0379
4.2500	0.0381
4.2550	0.0387
4.2600	0.0396
4.2650	0.0404
4.2700	0.0412
4.2750	0.0416
4.2800	0.0413
4.2850	0.0407
4.2900	0.0401
4.2950	0.0391
4.3000	0.0384
4.3050	0.0381
4.3100	0.0377
4.3150	0.0373
4.3200	0.0372
4.3250	0.0368
4.3300	0.0364
4.3350	0.0364
4.3400	0.0366
4.3450	0.0370
4.3500	0.0375
4.3550	0.0379
4.3600	0.0379
4.3650	0.0379
4.3700	0.0383
4.3750	0.0388
4.3800	0.0391
4.3850	0.0394
4.3900	0.0394
4.3950	0.0400
4.4000	0.0406
4.4050	0.0412
4.4100	0.0416
4.4150	0.0415
4.4200	0.0410
4.4250	0.0405
4.4300	0.0403
4.4350	0.0408
4.4400	0.0414
4.4450	0.0419
4.4500	0.0419
4.4550	0.0416
4.4600	0.0413
4.4650	0.0407
4.4700	0.0403
4.4750	0.0404
4.4800	0.0407
4.4850	0.0409
4.4900	0.0409
4.4950	0.0407
4.5000	0.0405
4.5050	0.0404
4.5100	0.0405
4.5150	0.0408
4.5200	0.0410
4.5250	0.0412
4.5300	0.0413
4.5350	0.0415
4.5400	0.0416
4.5450	0.0417
4.5500	0.0419
4.5550	0.0420
4.5600	0.0420
4.5650	0.0417
4.5700	0.0415
4.5750	0.0416
4.5800	0.0419
4.5850	0.0420
4.5900	0.0419
4.5950	0.0419
4.6000	0.0421
4.6050	0.0427
4.6100	0.0433
4.6150	0.0436
4.6200	0.0436
4.6250	0.0433
4.6300	0.0429
4.6350	0.0428
4.6400	0.0428
4.6450	0.0429
4.6500	0.0433
4.6550	0.0439
4.6600	0.0442
4.6650	0.0444
4.6700	0.0443
4.6750	0.0439
4.6800	0.0432
4.6850	0.0427
4.6900	0.0426
4.6950	0.0425
4.7000	0.0425
4.7050	0.0425
4.7100	0.0426
4.7150	0.0430
4.7200	0.0434
4.7250	0.0443
4.7300	0.0452
4.7350	0.0456
4.7400	0.0455
4.7450	0.0452
4.7500	0.0451
4.7550	0.0452
4.7600	0.0454
4.7650	0.0457
4.7700	0.0458
4.7750	0.0457
4.7800	0.0455
4.7850	0.0456
4.7900	0.0459
4.7950	0.0460
4.8000	0.0459
4.8050	0.0455
4.8100	0.0454
4.8150	0.0456
4.8200	0.0457
4.8250	0.0456
4.8300	0.0455
4.8350	0.0454
4.8400	0.0455
4.8450	0.0457
4.8500	0.0461
4.8550	0.0466
4.8600	0.0469
4.8650	0.0472
4.8700	0.0475
4.8750	0.0479
4.8800	0.0482
4.8850	0.0486
4.8900	0.0490
4.8950	0.0495
4.9000	0.0499
4.9050	0.0499
4.9100	0.0498
4.9150	0.0494
4.9200	0.0491
4.9250	0.0488
4.9300	0.0486
4.9350	0.0485
4.9400	0.0485
4.9450	0.0487
4.9500	0.0489
4.9550	0.0493
4.9600	0.0498
4.9650	0.0502
4.9700	0.0505
4.9750	0.0505
4.9800	0.0502
4.9850	0.0499
4.9900	0.0498
4.9950	0.0500
5.0000	0.0501
5.0050	0.0499
5.0100	0.0496
5.0150	0.0491
5.0200	0.0486
5.0250	0.0480
5.0300	0.0476
5.0350	0.0475
5.0400	0.0474
5.0450	0.0474
5.0500	0.0476
5.0550	0.0478
5.0600	0.0479
5.0650	0.0482
5.0700	0.0487
5.0750	0.0491
5.0800	0.0494
5.0850	0.0495
5.0900	0.0494
5.0950	0.0496
5.1000	0.0499
5.1050	0.0501
5.1100	0.0506
5.1150	0.0510
5.1200	0.0512
5.1250	0.0512
5.1300	0.0511
5.1350	0.0508
5.1400	0.0510
5.1450	0.0513
5.1500	0.0514
5.1550	0.0516
5.1600	0.0517
5.1650	0.0516
5.1700	0.0513
5.1750	0.0511
5.1800	0.0510
5.1850	0.0508
5.1900	0.0504
5.1950	0.0507
5.2000	0.0514
5.2050	0.0524
5.2100	0.0534
5.2150	0.0538
5.2200	0.0535
5.2250	0.0530
5.2300	0.0526
5.2350	0.0527
5.2400	0.0530
5.2450	0.0532
5.2500	0.0533
5.2550	0.0530
5.2600	0.0524
5.2650	0.0522
5.2700	0.0522
5.2750	0.0525
5.2800	0.0528
5.2850	0.0533
5.2900	0.0538
5.2950	0.0543
5.3000	0.0545
5.3050	0.0544
5.3100	0.0541
5.3150	0.0537
5.3200	0.0535
5.3250	0.0536
5.3300	0.0538
5.3350	0.0538
5.3400	0.0535
5.3450	0.0533
5.3500	0.0532
5.3550	0.0529
5.3600	0.0527
5.3650	0.0531
5.3700	0.0535
5.3750	0.0539
5.3800	0.0541
5.3850	0.0543
5.3900	0.0544
5.3950	0.0544
5.4000	0.0549
5.4050	0.0559
5.4100	0.0568
5.4150	0.0574
5.4200	0.0575
5.4250	0.0573
5.4300	0.0573
5.4350	0.0573
5.4400	0.0574
5.4450	0.0575
5.4500	0.0574
5.4550	0.0569
5.4600	0.0566
5.4650	0.0567
5.4700	0.0572
5.4750	0.0576
5.4800	0.0576
5.4850	0.0577
5.4900	0.0576
5.4950	0.0574
5.5000	0.0570
5.5050	0.0566
5.5100	0.0564
5.5150	0.0565
5.5200	0.0568
5.5250	0.0568
5.5300	0.0570
5.5350	0.0574
5.5400	0.0576
5.5450	0.0576
5.5500	0.0576
5.5550	0.0582
5.5600	0.0588
5.5650	0.0592
5.5700	0.0594
5.5750	0.0595
5.5800	0.0597
5.5850	0.0596
5.5900	0.0596
5.5950	0.0597
5.6000	0.0598
5.6050	0.0599
5.6100	0.0600
5.6150	0.0600
5.6200	0.0599
5.6250	0.0595
5.6300	0.0592
5.6350	0.0590
5.6400	0.0590
5.6450	0.0595
5.6500	0.0600
5.6550	0.0602
5.6600	0.0603
5.6650	0.0604
5.6700	0.0607
5.6750	0.0613
5.6800	0.0618
5.6850	0.0620
5.6900	0.0620
5.6950	0.0617
5.7000	0.0617
5.7050	0.0616
5.7100	0.0616
5.7150	0.0615
5.7200	0.0612
5.7250	0.0609
5.7300	0.0611
5.7350	0.0616
5.7400	0.0623
5.7450	0.0629
5.7500	0.0632
5.7550	0.0632
5.7600	0.0632
5.7650	0.0632
5.7700	0.0631
5.7750	0.0633
5.7800	0.0635
5.7850	0.0639
5.7900	0.0643
5.7950	0.0645
5.8000	0.0642
5.8050	0.0636
5.8100	0.0628
5.8150	0.0619
5.8200	0.0612
5.8250	0.0608
5.8300	0.0607
5.8350	0.0607
5.8400	0.0607
5.8450	0.0604
5.8500	0.0602
5.8550	0.0601
5.8600	0.0604
5.8650	0.0612
5.8700	0.0621
5.8750	0.0630
5.8800	0.0634
5.8850	0.0632
5.8900	0.0630
5.8950	0.0628
5.9000	0.0630
5.9050	0.0632
5.9100	0.0633
5.9150	0.0631
5.9200	0.0633
5.9250	0.0638
5.9300	0.0649
5.9350	0.0658
5.9400	0.0661
5.9450	0.0657
5.9500	0.0653
5.9550	0.0651
5.9600	0.0653
5.9650	0.0651
5.9700	0.0646
5.9750	0.0641
5.9800	0.0637
5.9850	0.0637
5.9900	0.0640
5.9950	0.0642
6.0000	0.0641
6.0050	0.0639
6.0100	0.0638
6.0150	0.0638
6.0200	0.0643
6.0250	0.0648
6.0300	0.0651
6.0350	0.0655
6.0400	0.0657
6.0450	0.0658
6.0500	0.0659
6.0550	0.0659
6.0600	0.0655
6.0650	0.0652
6.0700	0.0648
6.0750	0.0646
6.0800	0.0645
6.0850	0.0648
6.0900	0.0652
6.0950	0.0659
6.1000	0.0666
6.1050	0.0668
6.1100	0.0667
6.1150	0.0661
6.1200	0.0653
6.1250	0.0648
6.1300	0.0648
6.1350	0.0660
6.1400	0.0674
6.1450	0.0684
6.1500	0.0684
6.1550	0.0682
6.1600	0.0677
6.1650	0.0681
6.1700	0.0688
6.1750	0.0697
6.1800	0.0702
6.1850	0.0703
6.1900	0.0702
6.1950	0.0695
6.2000	0.0690
6.2050	0.0689
6.2100	0.0687
6.2150	0.0686
6.2200	0.0686
6.2250	0.0685
6.2300	0.0685
6.2350	0.0686
6.2400	0.0687
6.2450	0.0687
6.2500	0.0687
6.2550	0.0685
6.2600	0.0684
6.2650	0.0688
6.2700	0.0691
6.2750	0.0694
6.2800	0.0696
6.2850	0.0699
6.2900	0.0702
6.2950	0.0705
6.3000	0.0710
6.3050	0.0714
6.3100	0.0711
6.3150	0.0704
6.3200	0.0696
6.3250	0.0693
6.3300	0.0691
6.3350	0.0691
6.3400	0.0689
6.3450	0.0689
6.3500	0.0690
6.3550	0.0695
6.3600	0.0699
6.3650	0.0701
6.3700	0.0704
6.3750	0.0708
6.3800	0.0714
6.3850	0.0718
6.3900	0.0720
6.3950	0.0721
6.4000	0.0723
6.4050	0.0723
6.4100	0.0719
6.4150	0.0715
6.4200	0.0715
6.4250	0.0719
6.4300	0.0724
6.4350	0.0726
6.4400	0.0725
6.4450	0.0724
6.4500	0.0725
6.4550	0.0727
6.4600	0.0733
6.4650	0.0738
6.4700	0.0734
6.4750	0.0725
6.4800	0.0715
6.4850	0.0715
6.4900	0.0721
6.4950	0.0730
6.5000	0.0736
6.5050	0.0740
6.5100	0.0742
6.5150	0.0743
6.5200	0.0742
6.5250	0.0741
6.5300	0.0739
6.5350	0.0738
6.5400	0.0738
6.5450	0.0739
6.5500	0.0740
6.5550	0.0741
6.5600	0.0746
6.5650	0.0753
6.5700	0.0756
6.5750	0.0757
6.5800	0.0757
6.5850	0.0756
6.5900	0.0755
6.5950	0.0756
6.6000	0.0760
6.6050	0.0764
6.6100	0.0765
6.6150	0.0764
6.6200	0.0759
6.6250	0.0754
6.6300	0.0753
6.6350	0.0756
6.6400	0.0761
6.6450	0.0762
6.6500	0.0764
6.6550	0.0768
6.6600	0.0771
6.6650	0.0776
6.6700	0.0778
6.6750	0.0778
6.6800	0.0775
6.6850	0.0771
6.6900	0.0764
6.6950	0.0758
6.7000	0.0756
6.7050	0.0754
6.7100	0.0752
6.7150	0.0752
6.7200	0.0748
6.7250	0.0742
6.7300	0.0739
6.7350	0.0735
6.7400	0.0733
6.7450	0.0735
6.7500	0.0743
6.7550	0.0756
6.7600	0.0769
6.7650	0.0781
6.7700	0.0789
6.7750	0.0791
6.7800	0.0790
6.7850	0.0785
6.7900	0.0783
6.7950	0.0784
6.8000	0.0788
6.8050	0.0790
6.8100	0.0789
6.8150	0.0785
6.8200	0.0783
6.8250	0.0783
6.8300	0.0785
6.8350	0.0785
6.8400	0.0783
6.8450	0.0780
6.8500	0.0776
6.8550	0.0773
6.8600	0.0772
6.8650	0.0772
6.8700	0.0774
6.8750	0.0779
6.8800	0.0786
6.8850	0.0793
6.8900	0.0797
6.8950	0.0796
6.9000	0.0793
6.9050	0.0789
6.9100	0.0782
6.9150	0.0773
6.9200	0.0768
6.9250	0.0764
6.9300	0.0762
6.9350	0.0767
6.9400	0.0772
6.9450	0.0777
6.9500	0.0784
6.9550	0.0787
6.9600	0.0787
6.9650	0.0791
6.9700	0.0799
6.9750	0.0810
6.9800	0.0812
6.9850	0.0811
6.9900	0.0810
6.9950	0.0814
7.0000	0.0822
7.0050	0.0830
7.0100	0.0836
7.0150	0.0838
7.0200	0.0835
7.0250	0.0829
7.0300	0.0824
7.0350	0.0820
7.0400	0.0824
7.0450	0.0833
7.0500	0.0846
7.0550	0.0850
7.0600	0.0842
7.0650	0.0830
7.0700	0.0812
7.0750	0.0797
7.0800	0.0798
7.0850	0.0801
7.0900	0.0803
7.0950	0.0799
7.1000	0.0799
7.1050	0.0803
7.1100	0.0808
7.1150	0.0809
7.1200	0.0807
7.1250	0.0808
7.1300	0.0811
7.1350	0.0813
7.1400	0.0812
7.1450	0.0815
7.1500	0.0822
7.1550	0.0831
7.1600	0.0836
7.1650	0.0837
7.1700	0.0836
7.1750	0.0836
7.1800	0.0839
7.1850	0.0848
7.1900	0.0857
7.1950	0.0862
7.2000	0.0862
7.2050	0.0860
7.2100	0.0859
7.2150	0.0859
7.2200	0.0860
7.2250	0.0861
7.2300	0.0864
7.2350	0.0869
7.2400	0.0874
7.2450	0.0872
7.2500	0.0868
7.2550	0.0864
7.2600	0.0853
7.2650	0.0843
7.2700	0.0836
7.2750	0.0831
7.2800	0.0835
7.2850	0.0866
7.2900	0.0860
7.2950	0.0838
7.3000	0.0815
7.3050	0.0844
7.3100	0.0875
7.3150	0.0856
7.3200	0.0831
7.3250	0.0806
7.3300	0.0786
7.3350	0.0798
7.3400	0.0847
7.3450	0.0826
7.3500	0.0824
7.3550	0.0854
7.3600	0.0873
7.3650	0.0885
7.3700	0.0889
7.3750	0.0887
7.3800	0.0885
7.3850	0.0880
7.3900	0.0874
7.3950	0.0858
7.4000	0.0842
7.4050	0.0865
7.4100	0.0870
7.4150	0.0859
7.4200	0.0861
7.4250	0.0867
7.4300	0.0873
7.4350	0.0869
7.4400	0.0880
7.4450	0.0912
7.4500	0.0912
7.4550	0.0898
7.4600	0.0879
7.4650	0.0896
7.4700	0.0888
7.4750	0.0863
7.4800	0.0868
7.4850	0.0886
7.4900	0.0889
7.4950	0.0869
7.5000	0.0848
7.5050	0.0846
7.5100	-10000.0000
7.5150	-10000.0000
7.5200	-10000.0000
7.5250	-10000.0000
7.5300	-10000.0000
7.5350	-10000.0000
7.5400	-10000.0000
7.5450	-10000.0000
7.5500	-10000.0000
7.5550	-10000.0000
7.5600	-10000.0000
7.5650	-10000.0000
7.5700	-10000.0000
7.5750	-10000.0000
7.5800	-10000.0000
7.5850	-10000.0000
7.5900	-10000.0000
7.5950	-10000.0000
7.6000	-10000.0000
7.6050	-10000.0000
7.6100	-10000.0000
7.6150	-10000.0000
7.6200	-10000.0000
7.6250	-10000.0000
7.6300	-10000.0000
7.6350	-10000.0000
7.6400	-10000.0000
7.6450	-10000.0000
7.6500	-10000.0000
7.6550	-10000.0000
7.6600	-10000.0000
7.6650	-10000.0000
7.6700	-10000.0000
7.6750	-10000.0000
7.6800	-10000.0000
7.6850	-10000.0000
7.6900	-10000.0000
7.6950	-10000.0000
7.7000	-10000.0000
7.7050	-10000.0000
7.7100	-10000.0000
7.7150	-10000.0000
7.7200	-10000.0000
7.7250	-10000.0000
7.7300	-10000.0000
7.7350	-10000.0000
7.7400	-10000.0000
7.7450	-10000.0000
7.7500	-10000.0000
7.7550	-10000.0000
7.7600	-10000.0000
7.7650	-10000.0000
7.7700	-10000.0000
7.7750	-10000.0000
7.7800	-10000.0000
7.7850	-10000.0000
7.7900	-10000.0000
7.7950	-10000.0000
7.8000	-10000.0000
7.8050	-10000.0000
7.8100	-10000.0000
7.8150	-10000.0000
7.8200	-10000.0000
7.8250	-10000.0000
7.8300	-10000.0000
7.8350	-10000.0000
7.8400	-10000.0000
7.8450	-10000.0000
7.8500	-10000.0000
7.8550	-10000.0000
7.8600	-10000.0000
7.8650	-10000.0000
7.8700	-10000.0000
7.8750	-10000.0000
7.8800	-10000.0000
7.8850	-10000.0000
7.8900	-10000.0000
7.8950	-10000.0000
7.9000	-10000.0000
7.9050	-10000.0000
7.9100	-10000.0000
7.9150	-10000.0000
7.9200	-10000.0000
7.9250	-10000.0000
7.9300	-10000.0000
7.9350	-10000.0000
7.9400	-10000.0000
7.9450	-10000.0000
7.9500	-10000.0000
7.9550	-10000.0000
7.9600	-10000.0000
7.9650	-10000.0000
7.9700	-10000.0000
7.9750	-10000.0000
7.9800	-10000.0000
7.9850	-10000.0000
7.9900	-10000.0000
7.9950	-10000.0000
