-8.0000	-10000.0000
-7.9950	-10000.0000
-7.9900	-10000.0000
-7.9850	-10000.0000
-7.9800	-10000.0000
-7.9750	-10000.0000
-7.9700	-10000.0000
-7.9650	-10000.0000
-7.9600	-10000.0000
-7.9550	-10000.0000
-7.9500	-10000.0000
-7.9450	-10000.0000
-7.9400	-10000.0000
-7.9350	-10000.0000
-7.9300	-10000.0000
-7.9250	-10000.0000
-7.9200	-10000.0000
-7.9150	-10000.0000
-7.9100	-10000.0000
-7.9050	-10000.0000
-7.9000	-10000.0000
-7.8950	-10000.0000
-7.8900	-10000.0000
-7.8850	-10000.0000
-7.8800	-10000.0000
-7.8750	-10000.0000
-7.8700	-10000.0000
-7.8650	-10000.0000
-7.8600	-10000.0000
-7.8550	-10000.0000
-7.8500	-10000.0000
-7.8450	-10000.0000
-7.8400	-10000.0000
-7.8350	-10000.0000
-7.8300	-10000.0000
-7.8250	-10000.0000
-7.8200	-10000.0000
-7.8150	-10000.0000
-7.8100	-10000.0000
-7.8050	-10000.0000
-7.8000	-10000.0000
-7.7950	-10000.0000
-7.7900	-10000.0000
-7.7850	-10000.0000
-7.7800	-10000.0000
-7.7750	-10000.0000
-7.7700	-10000.0000
-7.7650	-10000.0000
-7.7600	-10000.0000
-7.7550	-10000.0000
-7.7500	-10000.0000
-7.7450	-10000.0000
-7.7400	-10000.0000
-7.7350	-10000.0000
-7.7300	-10000.0000
-7.7250	-10000.0000
-7.7200	-10000.0000
-7.7150	-10000.0000
-7.7100	-10000.0000
-7.7050	-10000.0000
-7.7000	-10000.0000
-7.6950	-10000.0000
-7.6900	-10000.0000
-7.6850	-10000.0000
-7.6800	-10000.0000
-7.6750	-10000.0000
-7.6700	-10000.0000
-7.6650	-10000.0000
-7.6600	-10000.0000
-7.6550	-10000.0000
-7.6500	-10000.0000
-7.6450	-10000.0000
-7.6400	-10000.0000
-7.6350	-10000.0000
-7.6300	-10000.0000
-7.6250	-10000.0000
-7.6200	-10000.0000
-7.6150	-10000.0000
-7.6100	-10000.0000
-7.6050	-10000.0000
-7.6000	-10000.0000
-7.5950	-10000.0000
-7.5900	-10000.0000
-7.5850	-10000.0000
-7.5800	-10000.0000
-7.5750	-10000.0000
-7.5700	-10000.0000
-7.5650	-10000.0000
-7.5600	-10000.0000
-7.5550	-10000.0000
-7.5500	-10000.0000
-7.5450	-10000.0000
-7.5400	-10000.0000
-7.5350	-10000.0000
-7.5300	-10000.0000
-7.5250	-10000.0000
-7.5200	-10000.0000
-7.5150	-10000.0000
-7.5100	-10000.0000
-7.5050	-10000.0000
-7.5000	-10000.0000
-7.4950	-10000.0000
-7.4900	-10000.0000
-7.4850	-10000.0000
-7.4800	-10000.0000
-7.4750	-10000.0000
-7.4700	-10000.0000
-7.4650	-10000.0000
-7.4600	-10000.0000
-7.4550	-10000.0000
-7.4500	-10000.0000
-7.4450	-10000.0000
-7.4400	-10000.0000
-7.4350	-10000.0000
-7.4300	-10000.0000
-7.4250	-10000.0000
-7.4200	-10000.0000
-7.4150	-10000.0000
-7.4100	-10000.0000
-7.4050	-10000.0000
-7.4000	-10000.0000
-7.3950	-10000.0000
-7.3900	-10000.0000
-7.3850	-10000.0000
-7.3800	-10000.0000
-7.3750	-10000.0000
-7.3700	-10000.0000
-7.3650	-10000.0000
-7.3600	-10000.0000
-7.3550	-10000.0000
-7.3500	-10000.0000
-7.3450	-10000.0000
-7.3400	-10000.0000
-7.3350	-10000.0000
-7.3300	-10000.0000
-7.3250	-10000.0000
-7.3200	-10000.0000
-7.3150	-10000.0000
-7.3100	-10000.0000
-7.3050	-10000.0000
-7.3000	-10000.0000
-7.2950	-10000.0000
-7.2900	-10000.0000
-7.2850	-10000.0000
-7.2800	1.2463
-7.2750	1.2471
-7.2700	1.2493
-7.2650	1.2503
-7.2600	1.2501
-7.2550	1.2497
-7.2500	1.2484
-7.2450	1.2470
-7.2400	1.2468
-7.2350	1.2479
-7.2300	1.2494
-7.2250	1.2484
-7.2200	1.2490
-7.2150	1.2504
-7.2100	1.2522
-7.2050	1.2530
-7.2000	1.2521
-7.1950	1.2535
-7.1900	1.2553
-7.1850	1.2564
-7.1800	1.2550
-7.1750	1.2532
-7.1700	1.2532
-7.1650	1.2547
-7.1600	1.2562
-7.1550	1.2549
-7.1500	1.2557
-7.1450	1.2574
-7.1400	1.2562
-7.1350	1.2555
-7.1300	1.2551
-7.1250	1.2537
-7.1200	1.2536
-7.1150	1.2547
-7.1100	1.2560
-7.1050	1.2574
-7.1000	1.2587
-7.0950	1.2610
-7.0900	1.2627
-7.0850	1.2645
-7.0800	1.2660
-7.0750	1.2668
-7.0700	1.2671
-7.0650	1.2674
-7.0600	1.2675
-7.0550	1.2659
-7.0500	1.2648
-7.0450	1.2641
-7.0400	1.2625
-7.0350	1.2610
-7.0300	1.2600
-7.0250	1.2599
-7.0200	1.2597
-7.0150	1.2597
-7.0100	1.2600
-7.0050	1.2602
-7.0000	1.2604
-6.9950	1.2603
-6.9900	1.2604
-6.9850	1.2606
-6.9800	1.2610
-6.9750	1.2611
-6.9700	1.2609
-6.9650	1.2608
-6.9600	1.2605
-6.9550	1.2604
-6.9500	1.2604
-6.9450	1.2604
-6.9400	1.2606
-6.9350	1.2611
-6.9300	1.2617
-6.9250	1.2622
-6.9200	1.2625
-6.9150	1.2620
-6.9100	1.2607
-6.9050	1.2594
-6.9000	1.2582
-6.8950	1.2570
-6.8900	1.2560
-6.8850	1.2540
-6.8800	1.2520
-6.8750	1.2513
-6.8700	1.2518
-6.8650	1.2524
-6.8600	1.2524
-6.8550	1.2528
-6.8500	1.2534
-6.8450	1.2544
-6.8400	1.2557
-6.8350	1.2568
-6.8300	1.2573
-6.8250	1.2579
-6.8200	1.2584
-6.8150	1.2599
-6.8100	1.2617
-6.8050	1.2634
-6.8000	1.2653
-6.7950	1.2669
-6.7900	1.2675
-6.7850	1.2678
-6.7800	1.2677
-6.7750	1.2676
-6.7700	1.2675
-6.7650	1.2674
-6.7600	1.2672
-6.7550	1.2670
-6.7500	1.2668
-6.7450	1.2669
-6.7400	1.2670
-6.7350	1.2670
-6.7300	1.2668
-6.7250	1.2658
-6.7200	1.2645
-6.7150	1.2642
-6.7100	1.2642
-6.7050	1.2642
-6.7000	1.2640
-6.6950	1.2643
-6.6900	1.2653
-6.6850	1.2667
-6.6800	1.2680
-6.6750	1.2683
-6.6700	1.2676
-6.6650	1.2666
-6.6600	1.2659
-6.6550	1.2654
-6.6500	1.2656
-6.6450	1.2661
-6.6400	1.2667
-6.6350	1.2670
-6.6300	1.2670
-6.6250	1.2673
-6.6200	1.2680
-6.6150	1.2689
-6.6100	1.2696
-6.6050	1.2697
-6.6000	1.2695
-6.5950	1.2690
-6.5900	1.2684
-6.5850	1.2676
-6.5800	1.2670
-6.5750	1.2665
-6.5700	1.2663
-6.5650	1.2664
-6.5600	1.2667
-6.5550	1.2669
-6.5500	1.2673
-6.5450	1.2677
-6.5400	1.2683
-6.5350	1.2689
-6.5300	1.2693
-6.5250	1.2694
-6.5200	1.2703
-6.5150	1.2716
-6.5100	1.2730
-6.5050	1.2748
-6.5000	1.2760
-6.4950	1.2770
-6.4900	1.2776
-6.4850	1.2775
-6.4800	1.2772
-6.4750	1.2768
-6.4700	1.2767
-6.4650	1.2757
-6.4600	1.2743
-6.4550	1.2732
-6.4500	1.2716
-6.4450	1.2702
-6.4400	1.2693
-6.4350	1.2691
-6.4300	1.2696
-6.4250	1.2704
-6.4200	1.2702
-6.4150	1.2696
-6.4100	1.2689
-6.4050	1.2675
-6.4000	1.2664
-6.3950	1.2658
-6.3900	1.2657
-6.3850	1.2658
-6.3800	1.2662
-6.3750	1.2665
-6.3700	1.2671
-6.3650	1.2679
-6.3600	1.2692
-6.3550	1.2700
-6.3500	1.2702
-6.3450	1.2705
-6.3400	1.2707
-6.3350	1.2707
-6.3300	1.2707
-6.3250	1.2707
-6.3200	1.2706
-6.3150	1.2705
-6.3100	1.2703
-6.3050	1.2700
-6.3000	1.2690
-6.2950	1.2680
-6.2900	1.2679
-6.2850	1.2684
-6.2800	1.2690
-6.2750	1.2694
-6.2700	1.2699
-6.2650	1.2705
-6.2600	1.2713
-6.2550	1.2720
-6.2500	1.2722
-6.2450	1.2723
-6.2400	1.2725
-6.2350	1.2729
-6.2300	1.2731
-6.2250	1.2733
-6.2200	1.2734
-6.2150	1.2740
-6.2100	1.2744
-6.2050	1.2745
-6.2000	1.2741
-6.1950	1.2734
-6.1900	1.2729
-6.1850	1.2731
-6.1800	1.2735
-6.1750	1.2738
-6.1700	1.2740
-6.1650	1.2743
-6.1600	1.2747
-6.1550	1.2750
-6.1500	1.2753
-6.1450	1.2756
-6.1400	1.2762
-6.1350	1.2768
-6.1300	1.2767
-6.1250	1.2769
-6.1200	1.2771
-6.1150	1.2769
-6.1100	1.2765
-6.1050	1.2762
-6.1000	1.2762
-6.0950	1.2761
-6.0900	1.2759
-6.0850	1.2757
-6.0800	1.2757
-6.0750	1.2760
-6.0700	1.2765
-6.0650	1.2772
-6.0600	1.2779
-6.0550	1.2785
-6.0500	1.2795
-6.0450	1.2805
-6.0400	1.2812
-6.0350	1.2812
-6.0300	1.2804
-6.0250	1.2798
-6.0200	1.2798
-6.0150	1.2802
-6.0100	1.2800
-6.0050	1.2797
-6.0000	1.2796
-5.9950	1.2805
-5.9900	1.2814
-5.9850	1.2819
-5.9800	1.2815
-5.9750	1.2810
-5.9700	1.2805
-5.9650	1.2800
-5.9600	1.2795
-5.9550	1.2793
-5.9500	1.2795
-5.9450	1.2799
-5.9400	1.2803
-5.9350	1.2800
-5.9300	1.2799
-5.9250	1.2802
-5.9200	1.2807
-5.9150	1.2813
-5.9100	1.2817
-5.9050	1.2821
-5.9000	1.2823
-5.8950	1.2821
-5.8900	1.2817
-5.8850	1.2813
-5.8800	1.2812
-5.8750	1.2812
-5.8700	1.2815
-5.8650	1.2817
-5.8600	1.2823
-5.8550	1.2830
-5.8500	1.2834
-5.8450	1.2834
-5.8400	1.2832
-5.8350	1.2831
-5.8300	1.2833
-5.8250	1.2838
-5.8200	1.2841
-5.8150	1.2842
-5.8100	1.2839
-5.8050	1.2833
-5.8000	1.2829
-5.7950	1.2827
-5.7900	1.2829
-5.7850	1.2835
-5.7800	1.2841
-5.7750	1.2846
-5.7700	1.2849
-5.7650	1.2849
-5.7600	1.2852
-5.7550	1.2853
-5.7500	1.2851
-5.7450	1.2849
-5.7400	1.2848
-5.7350	1.2849
-5.7300	1.2857
-5.7250	1.2864
-5.7200	1.2866
-5.7150	1.2869
-5.7100	1.2874
-5.7050	1.2883
-5.7000	1.2893
-5.6950	1.2901
-5.6900	1.2901
-5.6850	1.2896
-5.6800	1.2887
-5.6750	1.2876
-5.6700	1.2866
-5.6650	1.2860
-5.6600	1.2862
-5.6550	1.2869
-5.6500	1.2876
-5.6450	1.2882
-5.6400	1.2887
-5.6350	1.2891
-5.6300	1.2896
-5.6250	1.2902
-5.6200	1.2908
-5.6150	1.2916
-5.6100	1.2921
-5.6050	1.2920
-5.6000	1.2914
-5.5950	1.2906
-5.5900	1.2897
-5.5850	1.2892
-5.5800	1.2893
-5.5750	1.2901
-5.5700	1.2908
-5.5650	1.2912
-5.5600	1.2914
-5.5550	1.2912
-5.5500	1.2913
-5.5450	1.2918
-5.5400	1.2926
-5.5350	1.2933
-5.5300	1.2935
-5.5250	1.2936
-5.5200	1.2936
-5.5150	1.2936
-5.5100	1.2935
-5.5050	1.2935
-5.5000	1.2935
-5.4950	1.2933
-5.4900	1.2931
-5.4850	1.2928
-5.4800	1.2928
-5.4750	1.2932
-5.4700	1.2938
-5.4650	1.2945
-5.4600	1.2951
-5.4550	1.2950
-5.4500	1.2951
-5.4450	1.2952
-5.4400	1.2952
-5.4350	1.2952
-5.4300	1.2950
-5.4250	1.2946
-5.4200	1.2941
-5.4150	1.2937
-5.4100	1.2938
-5.4050	1.2939
-5.4000	1.2939
-5.3950	1.2940
-5.3900	1.2941
-5.3850	1.2943
-5.3800	1.2944
-5.3750	1.2944
-5.3700	1.2944
-5.3650	1.2943
-5.3600	1.2946
-5.3550	1.2950
-5.3500	1.2962
-5.3450	1.2975
-5.3400	1.2984
-5.3350	1.2988
-5.3300	1.2985
-5.3250	1.2979
-5.3200	1.2971
-5.3150	1.2964
-5.3100	1.2958
-5.3050	1.2958
-5.3000	1.2963
-5.2950	1.2974
-5.2900	1.2984
-5.2850	1.2989
-5.2800	1.2989
-5.2750	1.2984
-5.2700	1.2977
-5.2650	1.2972
-5.2600	1.2970
-5.2550	1.2972
-5.2500	1.2972
-5.2450	1.2975
-5.2400	1.2980
-5.2350	1.2987
-5.2300	1.2993
-5.2250	1.2995
-5.2200	1.2996
-5.2150	1.2998
-5.2100	1.3000
-5.2050	1.3001
-5.2000	1.3003
-5.1950	1.3006
-5.1900	1.3008
-5.1850	1.3009
-5.1800	1.3008
-5.1750	1.3009
-5.1700	1.3013
-5.1650	1.3017
-5.1600	1.3023
-5.1550	1.3026
-5.1500	1.3026
-5.1450	1.3023
-5.1400	1.3021
-5.1350	1.3021
-5.1300	1.3017
-5.1250	1.3012
-5.1200	1.3011
-5.1150	1.3012
-5.1100	1.3015
-5.1050	1.3018
-5.1000	1.3024
-5.0950	1.3032
-5.0900	1.3033
-5.0850	1.3031
-5.0800	1.3027
-5.0750	1.3030
-5.0700	1.3034
-5.0650	1.3039
-5.0600	1.3039
-5.0550	1.3039
-5.0500	1.3040
-5.0450	1.3046
-5.0400	1.3057
-5.0350	1.3068
-5.0300	1.3072
-5.0250	1.3070
-5.0200	1.3062
-5.0150	1.3051
-5.0100	1.3044
-5.0050	1.3043
-5.0000	1.3050
-4.9950	1.3059
-4.9900	1.3066
-4.9850	1.3065
-4.9800	1.3062
-4.9750	1.3057
-4.9700	1.3056
-4.9650	1.3056
-4.9600	1.3055
-4.9550	1.3054
-4.9500	1.3056
-4.9450	1.3059
-4.9400	1.3062
-4.9350	1.3064
-4.9300	1.3065
-4.9250	1.3066
-4.9200	1.3066
-4.9150	1.3064
-4.9100	1.3066
-4.9050	1.3071
-4.9000	1.3077
-4.8950	1.3083
-4.8900	1.3086
-4.8850	1.3083
-4.8800	1.3079
-4.8750	1.3078
-4.8700	1.3079
-4.8650	1.3084
-4.8600	1.3089
-4.8550	1.3097
-4.8500	1.3105
-4.8450	1.3111
-4.8400	1.3118
-4.8350	1.3123
-4.8300	1.3123
-4.8250	1.3118
-4.8200	1.3113
-4.8150	1.3111
-4.8100	1.3108
-4.8050	1.3107
-4.8000	1.3107
-4.7950	1.3109
-4.7900	1.3111
-4.7850	1.3111
-4.7800	1.3113
-4.7750	1.3115
-4.7700	1.3117
-4.7650	1.3121
-4.7600	1.3123
-4.7550	1.3119
-4.7500	1.3115
-4.7450	1.3113
-4.7400	1.3115
-4.7350	1.3115
-4.7300	1.3114
-4.7250	1.3113
-4.7200	1.3112
-4.7150	1.3111
-4.7100	1.3110
-4.7050	1.3110
-4.7000	1.3110
-4.6950	1.3110
-4.6900	1.3113
-4.6850	1.3117
-4.6800	1.3123
-4.6750	1.3132
-4.6700	1.3140
-4.6650	1.3151
-4.6600	1.3157
-4.6550	1.3156
-4.6500	1.3157
-4.6450	1.3159
-4.6400	1.3160
-4.6350	1.3159
-4.6300	1.3155
-4.6250	1.3152
-4.6200	1.3150
-4.6150	1.3151
-4.6100	1.3153
-4.6050	1.3157
-4.6000	1.3159
-4.5950	1.3159
-4.5900	1.3160
-4.5850	1.3160
-4.5800	1.3162
-4.5750	1.3164
-4.5700	1.3167
-4.5650	1.3167
-4.5600	1.3168
-4.5550	1.3170
-4.5500	1.3174
-4.5450	1.3176
-4.5400	1.3176
-4.5350	1.3176
-4.5300	1.3179
-4.5250	1.3183
-4.5200	1.3187
-4.5150	1.3190
-4.5100	1.3189
-4.5050	1.3184
-4.5000	1.3180
-4.4950	1.3180
-4.4900	1.3187
-4.4850	1.3194
-4.4800	1.3199
-4.4750	1.3200
-4.4700	1.3196
-4.4650	1.3190
-4.4600	1.3187
-4.4550	1.3187
-4.4500	1.3189
-4.4450	1.3196
-4.4400	1.3204
-4.4350	1.3209
-4.4300	1.3215
-4.4250	1.3220
-4.4200	1.3225
-4.4150	1.3230
-4.4100	1.3235
-4.4050	1.3236
-4.4000	1.3238
-4.3950	1.3238
-4.3900	1.3235
-4.3850	1.3231
-4.3800	1.3229
-4.3750	1.3228
-4.3700	1.3232
-4.3650	1.3239
-4.3600	1.3241
-4.3550	1.3239
-4.3500	1.3233
-4.3450	1.3226
-4.3400	1.3226
-4.3350	1.3231
-4.3300	1.3239
-4.3250	1.3249
-4.3200	1.3259
-4.3150	1.3268
-4.3100	1.3275
-4.3050	1.3277
-4.3000	1.3276
-4.2950	1.3271
-4.2900	1.3266
-4.2850	1.3256
-4.2800	1.3249
-4.2750	1.3246
-4.2700	1.3247
-4.2650	1.3249
-4.2600	1.3251
-4.2550	1.3250
-4.2500	1.3250
-4.2450	1.3252
-4.2400	1.3257
-4.2350	1.3262
-4.2300	1.3263
-4.2250	1.3264
-4.2200	1.3264
-4.2150	1.3266
-4.2100	1.3265
-4.2050	1.3262
-4.2000	1.3262
-4.1950	1.3264
-4.1900	1.3269
-4.1850	1.3274
-4.1800	1.3278
-4.1750	1.3280
-4.1700	1.3283
-4.1650	1.3285
-4.1600	1.3285
-4.1550	1.3291
-4.1500	1.3297
-4.1450	1.3301
-4.1400	1.3302
-4.1350	1.3303
-4.1300	1.3303
-4.1250	1.3305
-4.1200	1.3306
-4.1150	1.3303
-4.1100	1.3296
-4.1050	1.3291
-4.1000	1.3290
-4.0950	1.3291
-4.0900	1.3293
-4.0850	1.3298
-4.0800	1.3302
-4.0750	1.3302
-4.0700	1.3299
-4.0650	1.3296
-4.0600	1.3296
-4.0550	1.3297
-4.0500	1.3295
-4.0450	1.3293
-4.0400	1.3293
-4.0350	1.3299
-4.0300	1.3309
-4.0250	1.3316
-4.0200	1.3322
-4.0150	1.3324
-4.0100	1.3324
-4.0050	1.3325
-4.0000	1.3328
-3.9950	1.3326
-3.9900	1.3320
-3.9850	1.3315
-3.9800	1.3312
-3.9750	1.3312
-3.9700	1.3316
-3.9650	1.3321
-3.9600	1.3327
-3.9550	1.3331
-3.9500	1.3337
-3.9450	1.3343
-3.9400	1.3346
-3.9350	1.3349
-3.9300	1.3351
-3.9250	1.3354
-3.9200	1.3361
-3.9150	1.3368
-3.9100	1.3370
-3.9050	1.3370
-3.9000	1.3367
-3.8950	1.3365
-3.8900	1.3361
-3.8850	1.3359
-3.8800	1.3356
-3.8750	1.3353
-3.8700	1.3351
-3.8650	1.3354
-3.8600	1.3359
-3.8550	1.3364
-3.8500	1.3369
-3.8450	1.3373
-3.8400	1.3376
-3.8350	1.3375
-3.8300	1.3375
-3.8250	1.3376
-3.8200	1.3377
-3.8150	1.3378
-3.8100	1.3378
-3.8050	1.3385
-3.8000	1.3393
-3.7950	1.3396
-3.7900	1.3396
-3.7850	1.3392
-3.7800	1.3390
-3.7750	1.3388
-3.7700	1.3387
-3.7650	1.3387
-3.7600	1.3388
-3.7550	1.3390
-3.7500	1.3390
-3.7450	1.3390
-3.7400	1.3389
-3.7350	1.3389
-3.7300	1.3390
-3.7250	1.3391
-3.7200	1.3390
-3.7150	1.3387
-3.7100	1.3383
-3.7050	1.3383
-3.7000	1.3387
-3.6950	1.3393
-3.6900	1.3397
-3.6850	1.3397
-3.6800	1.3395
-3.6750	1.3393
-3.6700	1.3392
-3.6650	1.3395
-3.6600	1.3400
-3.6550	1.3407
-3.6500	1.3414
-3.6450	1.3420
-3.6400	1.3422
-3.6350	1.3421
-3.6300	1.3419
-3.6250	1.3418
-3.6200	1.3417
-3.6150	1.3416
-3.6100	1.3415
-3.6050	1.3415
-3.6000	1.3414
-3.5950	1.3411
-3.5900	1.3409
-3.5850	1.3408
-3.5800	1.3408
-3.5750	1.3409
-3.5700	1.3412
-3.5650	1.3417
-3.5600	1.3424
-3.5550	1.3431
-3.5500	1.3436
-3.5450	1.3439
-3.5400	1.3440
-3.5350	1.3440
-3.5300	1.3443
-3.5250	1.3446
-3.5200	1.3448
-3.5150	1.3447
-3.5100	1.3444
-3.5050	1.3444
-3.5000	1.3444
-3.4950	1.3446
-3.4900	1.3446
-3.4850	1.3446
-3.4800	1.3446
-3.4750	1.3446
-3.4700	1.3448
-3.4650	1.3451
-3.4600	1.3458
-3.4550	1.3466
-3.4500	1.3473
-3.4450	1.3479
-3.4400	1.3482
-3.4350	1.3482
-3.4300	1.3480
-3.4250	1.3479
-3.4200	1.3482
-3.4150	1.3484
-3.4100	1.3483
-3.4050	1.3481
-3.4000	1.3478
-3.3950	1.3474
-3.3900	1.3472
-3.3850	1.3470
-3.3800	1.3471
-3.3750	1.3473
-3.3700	1.3482
-3.3650	1.3493
-3.3600	1.3502
-3.3550	1.3510
-3.3500	1.3514
-3.3450	1.3511
-3.3400	1.3507
-3.3350	1.3504
-3.3300	1.3504
-3.3250	1.3505
-3.3200	1.3505
-3.3150	1.3505
-3.3100	1.3500
-3.3050	1.3493
-3.3000	1.3489
-3.2950	1.3488
-3.2900	1.3488
-3.2850	1.3490
-3.2800	1.3494
-3.2750	1.3496
-3.2700	1.3498
-3.2650	1.3500
-3.2600	1.3503
-3.2550	1.3503
-3.2500	1.3500
-3.2450	1.3497
-3.2400	1.3497
-3.2350	1.3501
-3.2300	1.3506
-3.2250	1.3512
-3.2200	1.3518
-3.2150	1.3522
-3.2100	1.3524
-3.2050	1.3525
-3.2000	1.3531
-3.1950	1.3537
-3.1900	1.3543
-3.1850	1.3546
-3.1800	1.3549
-3.1750	1.3550
-3.1700	1.3545
-3.1650	1.3541
-3.1600	1.3540
-3.1550	1.3542
-3.1500	1.3548
-3.1450	1.3554
-3.1400	1.3558
-3.1350	1.3559
-3.1300	1.3558
-3.1250	1.3554
-3.1200	1.3550
-3.1150	1.3550
-3.1100	1.3552
-3.1050	1.3554
-3.1000	1.3555
-3.0950	1.3555
-3.0900	1.3555
-3.0850	1.3555
-3.0800	1.3560
-3.0750	1.3566
-3.0700	1.3571
-3.0650	1.3575
-3.0600	1.3577
-3.0550	1.3578
-3.0500	1.3577
-3.0450	1.3574
-3.0400	1.3570
-3.0350	1.3568
-3.0300	1.3568
-3.0250	1.3570
-3.0200	1.3573
-3.0150	1.3574
-3.0100	1.3574
-3.0050	1.3575
-3.0000	1.3575
-2.9950	1.3577
-2.9900	1.3581
-2.9850	1.3584
-2.9800	1.3586
-2.9750	1.3586
-2.9700	1.3584
-2.9650	1.3586
-2.9600	1.3590
-2.9550	1.3595
-2.9500	1.3603
-2.9450	1.3610
-2.9400	1.3610
-2.9350	1.3611
-2.9300	1.3613
-2.9250	1.3613
-2.9200	1.3614
-2.9150	1.3615
-2.9100	1.3615
-2.9050	1.3614
-2.9000	1.3612
-2.8950	1.3612
-2.8900	1.3615
-2.8850	1.3619
-2.8800	1.3623
-2.8750	1.3625
-2.8700	1.3626
-2.8650	1.3629
-2.8600	1.3632
-2.8550	1.3635
-2.8500	1.3640
-2.8450	1.3647
-2.8400	1.3654
-2.8350	1.3657
-2.8300	1.3656
-2.8250	1.3650
-2.8200	1.3641
-2.8150	1.3634
-2.8100	1.3635
-2.8050	1.3638
-2.8000	1.3643
-2.7950	1.3647
-2.7900	1.3651
-2.7850	1.3655
-2.7800	1.3654
-2.7750	1.3652
-2.7700	1.3649
-2.7650	1.3648
-2.7600	1.3648
-2.7550	1.3648
-2.7500	1.3647
-2.7450	1.3647
-2.7400	1.3648
-2.7350	1.3650
-2.7300	1.3651
-2.7250	1.3650
-2.7200	1.3649
-2.7150	1.3648
-2.7100	1.3648
-2.7050	1.3651
-2.7000	1.3655
-2.6950	1.3659
-2.6900	1.3670
-2.6850	1.3680
-2.6800	1.3682
-2.6750	1.3683
-2.6700	1.3685
-2.6650	1.3689
-2.6600	1.3693
-2.6550	1.3692
-2.6500	1.3688
-2.6450	1.3685
-2.6400	1.3685
-2.6350	1.3686
-2.6300	1.3688
-2.6250	1.3689
-2.6200	1.3688
-2.6150	1.3686
-2.6100	1.3684
-2.6050	1.3682
-2.6000	1.3682
-2.5950	1.3683
-2.5900	1.3685
-2.5850	1.3690
-2.5800	1.3694
-2.5750	1.3702
-2.5700	1.3707
-2.5650	1.3708
-2.5600	1.3708
-2.5550	1.3708
-2.5500	1.3706
-2.5450	1.3703
-2.5400	1.3700
-2.5350	1.3697
-2.5300	1.3693
-2.5250	1.3690
-2.5200	1.3691
-2.5150	1.3692
-2.5100	1.3693
-2.5050	1.3694
-2.5000	1.3700
-2.4950	1.3709
-2.4900	1.3715
-2.4850	1.3720
-2.4800	1.3722
-2.4750	1.3724
-2.4700	1.3727
-2.4650	1.3730
-2.4600	1.3733
-2.4550	1.3735
-2.4500	1.3736
-2.4450	1.3735
-2.4400	1.3734
-2.4350	1.3735
-2.4300	1.3735
-2.4250	1.3734
-2.4200	1.3733
-2.4150	1.3734
-2.4100	1.3739
-2.4050	1.3743
-2.4000	1.3749
-2.3950	1.3752
-2.3900	1.3752
-2.3850	1.3749
-2.3800	1.3744
-2.3750	1.3742
-2.3700	1.3742
-2.3650	1.3744
-2.3600	1.3747
-2.3550	1.3751
-2.3500	1.3754
-2.3450	1.3760
-2.3400	1.3766
-2.3350	1.3771
-2.3300	1.3771
-2.3250	1.3770
-2.3200	1.3770
-2.3150	1.3773
-2.3100	1.3776
-2.3050	1.3778
-2.3000	1.3777
-2.2950	1.3773
-2.2900	1.3769
-2.2850	1.3767
-2.2800	1.3768
-2.2750	1.3772
-2.2700	1.3775
-2.2650	1.3776
-2.2600	1.3776
-2.2550	1.3778
-2.2500	1.3783
-2.2450	1.3787
-2.2400	1.3788
-2.2350	1.3786
-2.2300	1.3784
-2.2250	1.3783
-2.2200	1.3783
-2.2150	1.3787
-2.2100	1.3794
-2.2050	1.3800
-2.2000	1.3804
-2.1950	1.3805
-2.1900	1.3803
-2.1850	1.3800
-2.1800	1.3800
-2.1750	1.3802
-2.1700	1.3804
-2.1650	1.3805
-2.1600	1.3805
-2.1550	1.3806
-2.1500	1.3807
-2.1450	1.3811
-2.1400	1.3813
-2.1350	1.3814
-2.1300	1.3813
-2.1250	1.3812
-2.1200	1.3814
-2.1150	1.3816
-2.1100	1.3821
-2.1050	1.3826
-2.1000	1.3828
-2.0950	1.3832
-2.0900	1.3836
-2.0850	1.3842
-2.0800	1.3848
-2.0750	1.3849
-2.0700	1.3846
-2.0650	1.3844
-2.0600	1.3846
-2.0550	1.3847
-2.0500	1.3849
-2.0450	1.3850
-2.0400	1.3850
-2.0350	1.3850
-2.0300	1.3849
-2.0250	1.3847
-2.0200	1.3845
-2.0150	1.3847
-2.0100	1.3850
-2.0050	1.3854
-2.0000	1.3857
-1.9950	1.3861
-1.9900	1.3867
-1.9850	1.3872
-1.9800	1.3875
-1.9750	1.3877
-1.9700	1.3877
-1.9650	1.3877
-1.9600	1.3879
-1.9550	1.3879
-1.9500	1.3878
-1.9450	1.3876
-1.9400	1.3874
-1.9350	1.3873
-1.9300	1.3872
-1.9250	1.3875
-1.9200	1.3876
-1.9150	1.3876
-1.9100	1.3874
-1.9050	1.3871
-1.9000	1.3868
-1.8950	1.3869
-1.8900	1.3873
-1.8850	1.3878
-1.8800	1.3881
-1.8750	1.3881
-1.8700	1.3879
-1.8650	1.3875
-1.8600	1.3871
-1.8550	1.3871
-1.8500	1.3873
-1.8450	1.3877
-1.8400	1.3879
-1.8350	1.3881
-1.8300	1.3883
-1.8250	1.3883
-1.8200	1.3884
-1.8150	1.3885
-1.8100	1.3890
-1.8050	1.3896
-1.8000	1.3904
-1.7950	1.3909
-1.7900	1.3912
-1.7850	1.3911
-1.7800	1.3912
-1.7750	1.3914
-1.7700	1.3916
-1.7650	1.3917
-1.7600	1.3915
-1.7550	1.3912
-1.7500	1.3911
-1.7450	1.3913
-1.7400	1.3915
-1.7350	1.3917
-1.7300	1.3918
-1.7250	1.3917
-1.7200	1.3917
-1.7150	1.3918
-1.7100	1.3920
-1.7050	1.3925
-1.7000	1.3930
-1.6950	1.3938
-1.6900	1.3944
-1.6850	1.3946
-1.6800	1.3949
-1.6750	1.3953
-1.6700	1.3955
-1.6650	1.3954
-1.6600	1.3951
-1.6550	1.3947
-1.6500	1.3943
-1.6450	1.3942
-1.6400	1.3942
-1.6350	1.3942
-1.6300	1.3942
-1.6250	1.3942
-1.6200	1.3942
-1.6150	1.3944
-1.6100	1.3950
-1.6050	1.3956
-1.6000	1.3961
-1.5950	1.3962
-1.5900	1.3964
-1.5850	1.3966
-1.5800	1.3969
-1.5750	1.3976
-1.5700	1.3982
-1.5650	1.3983
-1.5600	1.3982
-1.5550	1.3980
-1.5500	1.3980
-1.5450	1.3980
-1.5400	1.3980
-1.5350	1.3980
-1.5300	1.3981
-1.5250	1.3983
-1.5200	1.3987
-1.5150	1.3990
-1.5100	1.3992
-1.5050	1.3993
-1.5000	1.3992
-1.4950	1.3990
-1.4900	1.3987
-1.4850	1.3986
-1.4800	1.3988
-1.4750	1.3991
-1.4700	1.3994
-1.4650	1.3994
-1.4600	1.3995
-1.4550	1.3997
-1.4500	1.4001
-1.4450	1.4006
-1.4400	1.4009
-1.4350	1.4013
-1.4300	1.4017
-1.4250	1.4018
-1.4200	1.4017
-1.4150	1.4014
-1.4100	1.4010
-1.4050	1.4007
-1.4000	1.4008
-1.3950	1.4010
-1.3900	1.4011
-1.3850	1.4010
-1.3800	1.4009
-1.3750	1.4010
-1.3700	1.4012
-1.3650	1.4016
-1.3600	1.4024
-1.3550	1.4032
-1.3500	1.4035
-1.3450	1.4035
-1.3400	1.4030
-1.3350	1.4027
-1.3300	1.4023
-1.3250	1.4021
-1.3200	1.4023
-1.3150	1.4029
-1.3100	1.4036
-1.3050	1.4041
-1.3000	1.4042
-1.2950	1.4042
-1.2900	1.4040
-1.2850	1.4041
-1.2800	1.4044
-1.2750	1.4050
-1.2700	1.4054
-1.2650	1.4056
-1.2600	1.4055
-1.2550	1.4051
-1.2500	1.4048
-1.2450	1.4047
-1.2400	1.4049
-1.2350	1.4054
-1.2300	1.4058
-1.2250	1.4061
-1.2200	1.4061
-1.2150	1.4062
-1.2100	1.4065
-1.2050	1.4066
-1.2000	1.4066
-1.1950	1.4065
-1.1900	1.4065
-1.1850	1.4068
-1.1800	1.4074
-1.1750	1.4078
-1.1700	1.4081
-1.1650	1.4082
-1.1600	1.4084
-1.1550	1.4084
-1.1500	1.4083
-1.1450	1.4084
-1.1400	1.4085
-1.1350	1.4085
-1.1300	1.4087
-1.1250	1.4090
-1.1200	1.4092
-1.1150	1.4095
-1.1100	1.4099
-1.1050	1.4101
-1.1000	1.4104
-1.0950	1.4106
-1.0900	1.4107
-1.0850	1.4106
-1.0800	1.4103
-1.0750	1.4101
-1.0700	1.4101
-1.0650	1.4104
-1.0600	1.4105
-1.0550	1.4107
-1.0500	1.4111
-1.0450	1.4115
-1.0400	1.4120
-1.0350	1.4123
-1.0300	1.4124
-1.0250	1.4124
-1.0200	1.4126
-1.0150	1.4128
-1.0100	1.4129
-1.0050	1.4129
-1.0000	1.4130
-0.9950	1.4132
-0.9900	1.4136
-0.9850	1.4137
-0.9800	1.4138
-0.9750	1.4141
-0.9700	1.4145
-0.9650	1.4151
-0.9600	1.4156
-0.9550	1.4157
-0.9500	1.4153
-0.9450	1.4145
-0.9400	1.4139
-0.9350	1.4136
-0.9300	1.4136
-0.9250	1.4134
-0.9200	1.4134
-0.9150	1.4136
-0.9100	1.4137
-0.9050	1.4137
-0.9000	1.4135
-0.8950	1.4133
-0.8900	1.4133
-0.8850	1.4138
-0.8800	1.4142
-0.8750	1.4143
-0.8700	1.4145
-0.8650	1.4149
-0.8600	1.4152
-0.8550	1.4158
-0.8500	1.4163
-0.8450	1.4166
-0.8400	1.4170
-0.8350	1.4172
-0.8300	1.4170
-0.8250	1.4167
-0.8200	1.4164
-0.8150	1.4164
-0.8100	1.4167
-0.8050	1.4170
-0.8000	1.4172
-0.7950	1.4174
-0.7900	1.4176
-0.7850	1.4177
-0.7800	1.4179
-0.7750	1.4182
-0.7700	1.4182
-0.7650	1.4180
-0.7600	1.4178
-0.7550	1.4178
-0.7500	1.4179
-0.7450	1.4183
-0.7400	1.4188
-0.7350	1.4193
-0.7300	1.4197
-0.7250	1.4199
-0.7200	1.4199
-0.7150	1.4198
-0.7100	1.4197
-0.7050	1.4198
-0.7000	1.4201
-0.6950	1.4209
-0.6900	1.4216
-0.6850	1.4220
-0.6800	1.4220
-0.6750	1.4217
-0.6700	1.4214
-0.6650	1.4212
-0.6600	1.4211
-0.6550	1.4209
-0.6500	1.4209
-0.6450	1.4211
-0.6400	1.4213
-0.6350	1.4217
-0.6300	1.4221
-0.6250	1.4222
-0.6200	1.4224
-0.6150	1.4227
-0.6100	1.4230
-0.6050	1.4233
-0.6000	1.4233
-0.5950	1.4233
-0.5900	1.4233
-0.5850	1.4234
-0.5800	1.4236
-0.5750	1.4237
-0.5700	1.4238
-0.5650	1.4239
-0.5600	1.4239
-0.5550	1.4240
-0.5500	1.4241
-0.5450	1.4241
-0.5400	1.4243
-0.5350	1.4246
-0.5300	1.4249
-0.5250	1.4252
-0.5200	1.4256
-0.5150	1.4259
-0.5100	1.4260
-0.5050	1.4259
-0.5000	1.4256
-0.4950	1.4252
-0.4900	1.4247
-0.4850	1.4244
-0.4800	1.4245
-0.4750	1.4251
-0.4700	1.4260
-0.4650	1.4270
-0.4600	1.4280
-0.4550	1.4284
-0.4500	1.4285
-0.4450	1.4283
-0.4400	1.4281
-0.4350	1.4281
-0.4300	1.4280
-0.4250	1.4278
-0.4200	1.4276
-0.4150	1.4277
-0.4100	1.4280
-0.4050	1.4285
-0.4000	1.4288
-0.3950	1.4290
-0.3900	1.4293
-0.3850	1.4296
-0.3800	1.4296
-0.3750	1.4294
-0.3700	1.4291
-0.3650	1.4291
-0.3600	1.4295
-0.3550	1.4300
-0.3500	1.4300
-0.3450	1.4299
-0.3400	1.4296
-0.3350	1.4294
-0.3300	1.4289
-0.3250	1.4286
-0.3200	1.4289
-0.3150	1.4296
-0.3100	1.4303
-0.3050	1.4307
-0.3000	1.4310
-0.2950	1.4313
-0.2900	1.4315
-0.2850	1.4316
-0.2800	1.4316
-0.2750	1.4317
-0.2700	1.4320
-0.2650	1.4323
-0.2600	1.4326
-0.2550	1.4328
-0.2500	1.4328
-0.2450	1.4325
-0.2400	1.4324
-0.2350	1.4324
-0.2300	1.4328
-0.2250	1.4333
-0.2200	1.4337
-0.2150	1.4342
-0.2100	1.4345
-0.2050	1.4344
-0.2000	1.4343
-0.1950	1.4344
-0.1900	1.4346
-0.1850	1.4353
-0.1800	1.4362
-0.1750	1.4365
-0.1700	1.4364
-0.1650	1.4358
-0.1600	1.4352
-0.1550	1.4347
-0.1500	1.4345
-0.1450	1.4346
-0.1400	1.4351
-0.1350	1.4356
-0.1300	1.4358
-0.1250	1.4356
-0.1200	1.4353
-0.1150	1.4351
-0.1100	1.4350
-0.1050	1.4351
-0.1000	1.4355
-0.0950	1.4360
-0.0900	1.4365
-0.0850	1.4369
-0.0800	1.4371
-0.0750	1.4369
-0.0700	1.4369
-0.0650	1.4369
-0.0600	1.4370
-0.0550	1.4371
-0.0500	1.4373
-0.0450	1.4373
-0.0400	1.4373
-0.0350	1.4375
-0.0300	1.4375
-0.0250	1.4380
-0.0200	1.4386
-0.0150	1.4391
-0.0100	1.4395
-0.0050	1.4395
0.0000	1.4395
0.0050	1.4394
0.0100	1.4392
0.0150	1.4390
0.0200	1.4387
0.0250	1.4383
0.0300	1.4381
0.0350	1.4382
0.0400	1.4386
0.0450	1.4392
0.0500	1.4397
0.0550	1.4402
0.0600	1.4407
0.0650	1.4412
0.0700	1.4414
0.0750	1.4419
0.0800	1.4425
0.0850	1.4431
0.0900	1.4437
0.0950	1.4442
0.1000	1.4444
0.1050	1.4445
0.1100	1.4443
0.1150	1.4439
0.1200	1.4434
0.1250	1.4429
0.1300	1.4424
0.1350	1.4423
0.1400	1.4425
0.1450	1.4430
0.1500	1.4433
0.1550	1.4436
0.1600	1.4436
0.1650	1.4437
0.1700	1.4440
0.1750	1.4445
0.1800	1.4451
0.1850	1.4458
0.1900	1.4462
0.1950	1.4464
0.2000	1.4464
0.2050	1.4463
0.2100	1.4462
0.2150	1.4460
0.2200	1.4456
0.2250	1.4453
0.2300	1.4452
0.2350	1.4453
0.2400	1.4453
0.2450	1.4452
0.2500	1.4451
0.2550	1.4451
0.2600	1.4449
0.2650	1.4450
0.2700	1.4451
0.2750	1.4452
0.2800	1.4452
0.2850	1.4454
0.2900	1.4458
0.2950	1.4461
0.3000	1.4464
0.3050	1.4464
0.3100	1.4467
0.3150	1.4471
0.3200	1.4472
0.3250	1.4471
0.3300	1.4471
0.3350	1.4474
0.3400	1.4480
0.3450	1.4488
0.3500	1.4493
0.3550	1.4495
0.3600	1.4493
0.3650	1.4491
0.3700	1.4490
0.3750	1.4488
0.3800	1.4487
0.3850	1.4485
0.3900	1.4483
0.3950	1.4483
0.4000	1.4485
0.4050	1.4489
0.4100	1.4492
0.4150	1.4494
0.4200	1.4496
0.4250	1.4499
0.4300	1.4501
0.4350	1.4501
0.4400	1.4501
0.4450	1.4503
0.4500	1.4505
0.4550	1.4507
0.4600	1.4508
0.4650	1.4508
0.4700	1.4509
0.4750	1.4513
0.4800	1.4519
0.4850	1.4522
0.4900	1.4525
0.4950	1.4526
0.5000	1.4529
0.5050	1.4529
0.5100	1.4528
0.5150	1.4528
0.5200	1.4529
0.5250	1.4528
0.5300	1.4528
0.5350	1.4529
0.5400	1.4530
0.5450	1.4531
0.5500	1.4530
0.5550	1.4530
0.5600	1.4534
0.5650	1.4540
0.5700	1.4549
0.5750	1.4558
0.5800	1.4565
0.5850	1.4567
0.5900	1.4567
0.5950	1.4565
0.6000	1.4561
0.6050	1.4557
0.6100	1.4556
0.6150	1.4558
0.6200	1.4562
0.6250	1.4567
0.6300	1.4577
0.6350	1.4585
0.6400	1.4589
0.6450	1.4591
0.6500	1.4592
0.6550	1.4592
0.6600	1.4590
0.6650	1.4587
0.6700	1.4586
0.6750	1.4581
0.6800	1.4574
0.6850	1.4567
0.6900	1.4566
0.6950	1.4569
0.7000	1.4574
0.7050	1.4576
0.7100	1.4578
0.7150	1.4581
0.7200	1.4585
0.7250	1.4589
0.7300	1.4591
0.7350	1.4594
0.7400	1.4596
0.7450	1.4597
0.7500	1.4598
0.7550	1.4597
0.7600	1.4596
0.7650	1.4598
0.7700	1.4601
0.7750	1.4598
0.7800	1.4597
0.7850	1.4597
0.7900	1.4597
0.7950	1.4595
0.8000	1.4592
0.8050	1.4591
0.8100	1.4591
0.8150	1.4594
0.8200	1.4600
0.8250	1.4607
0.8300	1.4612
0.8350	1.4612
0.8400	1.4614
0.8450	1.4614
0.8500	1.4617
0.8550	1.4621
0.8600	1.4627
0.8650	1.4634
0.8700	1.4641
0.8750	1.4646
0.8800	1.4649
0.8850	1.4653
0.8900	1.4657
0.8950	1.4658
0.9000	1.4656
0.9050	1.4654
0.9100	1.4649
0.9150	1.4646
0.9200	1.4646
0.9250	1.4641
0.9300	1.4636
0.9350	1.4632
0.9400	1.4631
0.9450	1.4632
0.9500	1.4634
0.9550	1.4634
0.9600	1.4632
0.9650	1.4631
0.9700	1.4630
0.9750	1.4630
0.9800	1.4634
0.9850	1.4641
0.9900	1.4649
0.9950	1.4654
1.0000	1.4657
1.0050	1.4658
1.0100	1.4660
1.0150	1.4662
1.0200	1.4663
1.0250	1.4663
1.0300	1.4666
1.0350	1.4670
1.0400	1.4675
1.0450	1.4677
1.0500	1.4677
1.0550	1.4677
1.0600	1.4677
1.0650	1.4677
1.0700	1.4674
1.0750	1.4668
1.0800	1.4664
1.0850	1.4664
1.0900	1.4669
1.0950	1.4678
1.1000	1.4686
1.1050	1.4694
1.1100	1.4699
1.1150	1.4700
1.1200	1.4701
1.1250	1.4702
1.1300	1.4704
1.1350	1.4709
1.1400	1.4713
1.1450	1.4719
1.1500	1.4720
1.1550	1.4717
1.1600	1.4711
1.1650	1.4707
1.1700	1.4704
1.1750	1.4702
1.1800	1.4702
1.1850	1.4704
1.1900	1.4710
1.1950	1.4716
1.2000	1.4723
1.2050	1.4728
1.2100	1.4728
1.2150	1.4723
1.2200	1.4717
1.2250	1.4714
1.2300	1.4715
1.2350	1.4719
1.2400	1.4722
1.2450	1.4724
1.2500	1.4726
1.2550	1.4726
1.2600	1.4726
1.2650	1.4730
1.2700	1.4736
1.2750	1.4740
1.2800	1.4745
1.2850	1.4751
1.2900	1.4755
1.2950	1.4760
1.3000	1.4763
1.3050	1.4765
1.3100	1.4765
1.3150	1.4765
1.3200	1.4764
1.3250	1.4761
1.3300	1.4758
1.3350	1.4756
1.3400	1.4755
1.3450	1.4758
1.3500	1.4763
1.3550	1.4767
1.3600	1.4767
1.3650	1.4765
1.3700	1.4762
1.3750	1.4759
1.3800	1.4758
1.3850	1.4760
1.3900	1.4765
1.3950	1.4772
1.4000	1.4779
1.4050	1.4783
1.4100	1.4785
1.4150	1.4787
1.4200	1.4790
1.4250	1.4793
1.4300	1.4798
1.4350	1.4803
1.4400	1.4805
1.4450	1.4803
1.4500	1.4798
1.4550	1.4794
1.4600	1.4789
1.4650	1.4785
1.4700	1.4785
1.4750	1.4785
1.4800	1.4787
1.4850	1.4791
1.4900	1.4794
1.4950	1.4796
1.5000	1.4798
1.5050	1.4804
1.5100	1.4812
1.5150	1.4817
1.5200	1.4820
1.5250	1.4821
1.5300	1.4820
1.5350	1.4818
1.5400	1.4817
1.5450	1.4813
1.5500	1.4812
1.5550	1.4815
1.5600	1.4819
1.5650	1.4820
1.5700	1.4817
1.5750	1.4813
1.5800	1.4811
1.5850	1.4811
1.5900	1.4811
1.5950	1.4811
1.6000	1.4812
1.6050	1.4814
1.6100	1.4817
1.6150	1.4820
1.6200	1.4821
1.6250	1.4822
1.6300	1.4822
1.6350	1.4826
1.6400	1.4830
1.6450	1.4831
1.6500	1.4829
1.6550	1.4828
1.6600	1.4826
1.6650	1.4826
1.6700	1.4827
1.6750	1.4830
1.6800	1.4834
1.6850	1.4837
1.6900	1.4839
1.6950	1.4840
1.7000	1.4842
1.7050	1.4848
1.7100	1.4856
1.7150	1.4862
1.7200	1.4864
1.7250	1.4865
1.7300	1.4868
1.7350	1.4872
1.7400	1.4877
1.7450	1.4878
1.7500	1.4877
1.7550	1.4873
1.7600	1.4869
1.7650	1.4867
1.7700	1.4867
1.7750	1.4870
1.7800	1.4873
1.7850	1.4876
1.7900	1.4879
1.7950	1.4879
1.8000	1.4884
1.8050	1.4890
1.8100	1.4896
1.8150	1.4894
1.8200	1.4888
1.8250	1.4882
1.8300	1.4882
1.8350	1.4884
1.8400	1.4888
1.8450	1.4891
1.8500	1.4891
1.8550	1.4890
1.8600	1.4891
1.8650	1.4894
1.8700	1.4896
1.8750	1.4899
1.8800	1.4901
1.8850	1.4902
1.8900	1.4903
1.8950	1.4904
1.9000	1.4904
1.9050	1.4906
1.9100	1.4910
1.9150	1.4915
1.9200	1.4924
1.9250	1.4932
1.9300	1.4936
1.9350	1.4934
1.9400	1.4929
1.9450	1.4924
1.9500	1.4919
1.9550	1.4916
1.9600	1.4915
1.9650	1.4917
1.9700	1.4921
1.9750	1.4926
1.9800	1.4932
1.9850	1.4937
1.9900	1.4941
1.9950	1.4944
2.0000	1.4943
2.0050	1.4941
2.0100	1.4940
2.0150	1.4941
2.0200	1.4943
2.0250	1.4945
2.0300	1.4947
2.0350	1.4948
2.0400	1.4948
2.0450	1.4950
2.0500	1.4952
2.0550	1.4957
2.0600	1.4961
2.0650	1.4963
2.0700	1.4965
2.0750	1.4965
2.0800	1.4963
2.0850	1.4964
2.0900	1.4968
2.0950	1.4971
2.1000	1.4971
2.1050	1.4970
2.1100	1.4967
2.1150	1.4964
2.1200	1.4961
2.1250	1.4960
2.1300	1.4961
2.1350	1.4964
2.1400	1.4967
2.1450	1.4970
2.1500	1.4973
2.1550	1.4975
2.1600	1.4981
2.1650	1.4988
2.1700	1.4992
2.1750	1.4992
2.1800	1.4989
2.1850	1.4987
2.1900	1.4987
2.1950	1.4987
2.2000	1.4988
2.2050	1.4993
2.2100	1.4999
2.2150	1.5003
2.2200	1.5003
2.2250	1.5001
2.2300	1.4998
2.2350	1.4996
2.2400	1.4993
2.2450	1.4988
2.2500	1.4985
2.2550	1.4984
2.2600	1.4987
2.2650	1.4991
2.2700	1.4994
2.2750	1.4995
2.2800	1.5002
2.2850	1.5011
2.2900	1.5020
2.2950	1.5030
2.3000	1.5037
2.3050	1.5041
2.3100	1.5040
2.3150	1.5035
2.3200	1.5028
2.3250	1.5020
2.3300	1.5017
2.3350	1.5019
2.3400	1.5023
2.3450	1.5026
2.3500	1.5028
2.3550	1.5033
2.3600	1.5037
2.3650	1.5039
2.3700	1.5042
2.3750	1.5047
2.3800	1.5051
2.3850	1.5055
2.3900	1.5058
2.3950	1.5059
2.4000	1.5059
2.4050	1.5059
2.4100	1.5059
2.4150	1.5061
2.4200	1.5063
2.4250	1.5066
2.4300	1.5068
2.4350	1.5068
2.4400	1.5067
2.4450	1.5064
2.4500	1.5062
2.4550	1.5060
2.4600	1.5062
2.4650	1.5064
2.4700	1.5065
2.4750	1.5066
2.4800	1.5066
2.4850	1.5066
2.4900	1.5061
2.4950	1.5059
2.5000	1.5060
2.5050	1.5064
2.5100	1.5066
2.5150	1.5066
2.5200	1.5066
2.5250	1.5069
2.5300	1.5077
2.5350	1.5089
2.5400	1.5102
2.5450	1.5115
2.5500	1.5123
2.5550	1.5129
2.5600	1.5130
2.5650	1.5125
2.5700	1.5118
2.5750	1.5114
2.5800	1.5114
2.5850	1.5113
2.5900	1.5112
2.5950	1.5110
2.6000	1.5108
2.6050	1.5109
2.6100	1.5109
2.6150	1.5111
2.6200	1.5109
2.6250	1.5104
2.6300	1.5098
2.6350	1.5095
2.6400	1.5098
2.6450	1.5104
2.6500	1.5111
2.6550	1.5115
2.6600	1.5120
2.6650	1.5125
2.6700	1.5126
2.6750	1.5127
2.6800	1.5128
2.6850	1.5134
2.6900	1.5138
2.6950	1.5142
2.7000	1.5144
2.7050	1.5145
2.7100	1.5143
2.7150	1.5139
2.7200	1.5130
2.7250	1.5120
2.7300	1.5119
2.7350	1.5122
2.7400	1.5128
2.7450	1.5130
2.7500	1.5133
2.7550	1.5138
2.7600	1.5143
2.7650	1.5151
2.7700	1.5155
2.7750	1.5153
2.7800	1.5150
2.7850	1.5145
2.7900	1.5141
2.7950	1.5138
2.8000	1.5139
2.8050	1.5144
2.8100	1.5147
2.8150	1.5150
2.8200	1.5152
2.8250	1.5155
2.8300	1.5159
2.8350	1.5160
2.8400	1.5163
2.8450	1.5164
2.8500	1.5163
2.8550	1.5160
2.8600	1.5158
2.8650	1.5159
2.8700	1.5164
2.8750	1.5169
2.8800	1.5170
2.8850	1.5176
2.8900	1.5185
2.8950	1.5193
2.9000	1.5192
2.9050	1.5187
2.9100	1.5180
2.9150	1.5176
2.9200	1.5173
2.9250	1.5173
2.9300	1.5177
2.9350	1.5183
2.9400	1.5190
2.9450	1.5193
2.9500	1.5193
2.9550	1.5190
2.9600	1.5190
2.9650	1.5193
2.9700	1.5197
2.9750	1.5200
2.9800	1.5203
2.9850	1.5207
2.9900	1.5213
2.9950	1.5218
3.0000	1.5219
3.0050	1.5216
3.0100	1.5211
3.0150	1.5205
3.0200	1.5202
3.0250	1.5199
3.0300	1.5198
3.0350	1.5199
3.0400	1.5203
3.0450	1.5209
3.0500	1.5213
3.0550	1.5218
3.0600	1.5222
3.0650	1.5223
3.0700	1.5222
3.0750	1.5217
3.0800	1.5214
3.0850	1.5211
3.0900	1.5209
3.0950	1.5209
3.1000	1.5210
3.1050	1.5215
3.1100	1.5221
3.1150	1.5230
3.1200	1.5237
3.1250	1.5240
3.1300	1.5242
3.1350	1.5243
3.1400	1.5243
3.1450	1.5245
3.1500	1.5247
3.1550	1.5247
3.1600	1.5248
3.1650	1.5250
3.1700	1.5250
3.1750	1.5247
3.1800	1.5244
3.1850	1.5241
3.1900	1.5242
3.1950	1.5243
3.2000	1.5244
3.2050	1.5241
3.2100	1.5240
3.2150	1.5242
3.2200	1.5242
3.2250	1.5241
3.2300	1.5241
3.2350	1.5245
3.2400	1.5252
3.2450	1.5261
3.2500	1.5267
3.2550	1.5270
3.2600	1.5271
3.2650	1.5272
3.2700	1.5272
3.2750	1.5270
3.2800	1.5270
3.2850	1.5272
3.2900	1.5277
3.2950	1.5282
3.3000	1.5289
3.3050	1.5293
3.3100	1.5295
3.3150	1.5296
3.3200	1.5297
3.3250	1.5300
3.3300	1.5300
3.3350	1.5298
3.3400	1.5297
3.3450	1.5297
3.3500	1.5298
3.3550	1.5299
3.3600	1.5300
3.3650	1.5302
3.3700	1.5302
3.3750	1.5302
3.3800	1.5303
3.3850	1.5305
3.3900	1.5307
3.3950	1.5306
3.4000	1.5302
3.4050	1.5299
3.4100	1.5298
3.4150	1.5302
3.4200	1.5309
3.4250	1.5315
3.4300	1.5318
3.4350	1.5318
3.4400	1.5316
3.4450	1.5313
3.4500	1.5311
3.4550	1.5308
3.4600	1.5307
3.4650	1.5308
3.4700	1.5312
3.4750	1.5317
3.4800	1.5321
3.4850	1.5325
3.4900	1.5327
3.4950	1.5328
3.5000	1.5328
3.5050	1.5328
3.5100	1.5329
3.5150	1.5337
3.5200	1.5347
3.5250	1.5355
3.5300	1.5363
3.5350	1.5368
3.5400	1.5368
3.5450	1.5366
3.5500	1.5365
3.5550	1.5366
3.5600	1.5368
3.5650	1.5370
3.5700	1.5371
3.5750	1.5370
3.5800	1.5369
3.5850	1.5369
3.5900	1.5371
3.5950	1.5375
3.6000	1.5380
3.6050	1.5382
3.6100	1.5384
3.6150	1.5384
3.6200	1.5385
3.6250	1.5388
3.6300	1.5388
3.6350	1.5386
3.6400	1.5380
3.6450	1.5373
3.6500	1.5371
3.6550	1.5371
3.6600	1.5374
3.6650	1.5379
3.6700	1.5382
3.6750	1.5384
3.6800	1.5386
3.6850	1.5390
3.6900	1.5394
3.6950	1.5398
3.7000	1.5404
3.7050	1.5408
3.7100	1.5410
3.7150	1.5411
3.7200	1.5410
3.7250	1.5409
3.7300	1.5404
3.7350	1.5397
3.7400	1.5392
3.7450	1.5392
3.7500	1.5394
3.7550	1.5396
3.7600	1.5396
3.7650	1.5397
3.7700	1.5401
3.7750	1.5407
3.7800	1.5414
3.7850	1.5421
3.7900	1.5427
3.7950	1.5433
3.8000	1.5436
3.8050	1.5435
3.8100	1.5432
3.8150	1.5430
3.8200	1.5430
3.8250	1.5432
3.8300	1.5435
3.8350	1.5437
3.8400	1.5439
3.8450	1.5441
3.8500	1.5441
3.8550	1.5442
3.8600	1.5443
3.8650	1.5443
3.8700	1.5442
3.8750	1.5440
3.8800	1.5438
3.8850	1.5438
3.8900	1.5438
3.8950	1.5438
3.9000	1.5435
3.9050	1.5434
3.9100	1.5438
3.9150	1.5446
3.9200	1.5459
3.9250	1.5471
3.9300	1.5475
3.9350	1.5470
3.9400	1.5464
3.9450	1.5461
3.9500	1.5463
3.9550	1.5466
3.9600	1.5467
3.9650	1.5464
3.9700	1.5460
3.9750	1.5456
3.9800	1.5456
3.9850	1.5459
3.9900	1.5462
3.9950	1.5465
4.0000	1.5469
4.0050	1.5473
4.0100	1.5473
4.0150	1.5472
4.0200	1.5470
4.0250	1.5470
4.0300	1.5471
4.0350	1.5472
4.0400	1.5475
4.0450	1.5481
4.0500	1.5487
4.0550	1.5491
4.0600	1.5495
4.0650	1.5498
4.0700	1.5504
4.0750	1.5509
4.0800	1.5512
4.0850	1.5513
4.0900	1.5512
4.0950	1.5510
4.1000	1.5509
4.1050	1.5510
4.1100	1.5514
4.1150	1.5518
4.1200	1.5522
4.1250	1.5525
4.1300	1.5526
4.1350	1.5528
4.1400	1.5528
4.1450	1.5526
4.1500	1.5525
4.1550	1.5524
4.1600	1.5524
4.1650	1.5526
4.1700	1.5527
4.1750	1.5529
4.1800	1.5530
4.1850	1.5535
4.1900	1.5539
4.1950	1.5539
4.2000	1.5536
4.2050	1.5530
4.2100	1.5523
4.2150	1.5518
4.2200	1.5517
4.2250	1.5518
4.2300	1.5522
4.2350	1.5530
4.2400	1.5540
4.2450	1.5551
4.2500	1.5555
4.2550	1.5553
4.2600	1.5545
4.2650	1.5540
4.2700	1.5539
4.2750	1.5542
4.2800	1.5544
4.2850	1.5547
4.2900	1.5551
4.2950	1.5555
4.3000	1.5559
4.3050	1.5560
4.3100	1.5559
4.3150	1.5558
4.3200	1.5560
4.3250	1.5563
4.3300	1.5566
4.3350	1.5567
4.3400	1.5567
4.3450	1.5567
4.3500	1.5568
4.3550	1.5572
4.3600	1.5575
4.3650	1.5574
4.3700	1.5572
4.3750	1.5572
4.3800	1.5574
4.3850	1.5577
4.3900	1.5580
4.3950	1.5582
4.4000	1.5582
4.4050	1.5580
4.4100	1.5578
4.4150	1.5578
4.4200	1.5581
4.4250	1.5587
4.4300	1.5593
4.4350	1.5592
4.4400	1.5589
4.4450	1.5586
4.4500	1.5585
4.4550	1.5586
4.4600	1.5587
4.4650	1.5587
4.4700	1.5587
4.4750	1.5588
4.4800	1.5591
4.4850	1.5595
4.4900	1.5601
4.4950	1.5605
4.5000	1.5610
4.5050	1.5612
4.5100	1.5613
4.5150	1.5615
4.5200	1.5620
4.5250	1.5622
4.5300	1.5624
4.5350	1.5623
4.5400	1.5621
4.5450	1.5621
4.5500	1.5622
4.5550	1.5624
4.5600	1.5625
4.5650	1.5626
4.5700	1.5628
4.5750	1.5628
4.5800	1.5629
4.5850	1.5631
4.5900	1.5635
4.5950	1.5638
4.6000	1.5641
4.6050	1.5641
4.6100	1.5641
4.6150	1.5640
4.6200	1.5637
4.6250	1.5636
4.6300	1.5636
4.6350	1.5637
4.6400	1.5637
4.6450	1.5638
4.6500	1.5639
4.6550	1.5643
4.6600	1.5647
4.6650	1.5652
4.6700	1.5653
4.6750	1.5655
4.6800	1.5658
4.6850	1.5666
4.6900	1.5671
4.6950	1.5672
4.7000	1.5671
4.7050	1.5670
4.7100	1.5672
4.7150	1.5676
4.7200	1.5677
4.7250	1.5676
4.7300	1.5672
4.7350	1.5665
4.7400	1.5660
4.7450	1.5659
4.7500	1.5659
4.7550	1.5662
4.7600	1.5667
4.7650	1.5673
4.7700	1.5674
4.7750	1.5673
4.7800	1.5670
4.7850	1.5673
4.7900	1.5681
4.7950	1.5689
4.8000	1.5691
4.8050	1.5688
4.8100	1.5687
4.8150	1.5687
4.8200	1.5689
4.8250	1.5690
4.8300	1.5691
4.8350	1.5691
4.8400	1.5691
4.8450	1.5691
4.8500	1.5692
4.8550	1.5693
4.8600	1.5693
4.8650	1.5696
4.8700	1.5701
4.8750	1.5706
4.8800	1.5708
4.8850	1.5707
4.8900	1.5706
4.8950	1.5709
4.9000	1.5715
4.9050	1.5720
4.9100	1.5722
4.9150	1.5722
4.9200	1.5722
4.9250	1.5722
4.9300	1.5723
4.9350	1.5726
4.9400	1.5730
4.9450	1.5735
4.9500	1.5739
4.9550	1.5739
4.9600	1.5741
4.9650	1.5744
4.9700	1.5746
4.9750	1.5748
4.9800	1.5752
4.9850	1.5756
4.9900	1.5757
4.9950	1.5755
5.0000	1.5753
5.0050	1.5755
5.0100	1.5761
5.0150	1.5769
5.0200	1.5771
5.0250	1.5766
5.0300	1.5756
5.0350	1.5748
5.0400	1.5744
5.0450	1.5746
5.0500	1.5750
5.0550	1.5754
5.0600	1.5758
5.0650	1.5758
5.0700	1.5756
5.0750	1.5752
5.0800	1.5750
5.0850	1.5751
5.0900	1.5756
5.0950	1.5762
5.1000	1.5771
5.1050	1.5776
5.1100	1.5778
5.1150	1.5777
5.1200	1.5777
5.1250	1.5779
5.1300	1.5782
5.1350	1.5787
5.1400	1.5790
5.1450	1.5790
5.1500	1.5786
5.1550	1.5782
5.1600	1.5781
5.1650	1.5777
5.1700	1.5772
5.1750	1.5770
5.1800	1.5768
5.1850	1.5766
5.1900	1.5766
5.1950	1.5770
5.2000	1.5777
5.2050	1.5785
5.2100	1.5791
5.2150	1.5800
5.2200	1.5807
5.2250	1.5806
5.2300	1.5802
5.2350	1.5799
5.2400	1.5798
5.2450	1.5801
5.2500	1.5805
5.2550	1.5808
5.2600	1.5810
5.2650	1.5810
5.2700	1.5811
5.2750	1.5815
5.2800	1.5821
5.2850	1.5828
5.2900	1.5828
5.2950	1.5827
5.3000	1.5824
5.3050	1.5823
5.3100	1.5824
5.3150	1.5827
5.3200	1.5828
5.3250	1.5827
5.3300	1.5825
5.3350	1.5821
5.3400	1.5818
5.3450	1.5817
5.3500	1.5818
5.3550	1.5824
5.3600	1.5829
5.3650	1.5834
5.3700	1.5835
5.3750	1.5832
5.3800	1.5829
5.3850	1.5827
5.3900	1.5832
5.3950	1.5841
5.4000	1.5846
5.4050	1.5845
5.4100	1.5842
5.4150	1.5841
5.4200	1.5843
5.4250	1.5848
5.4300	1.5853
5.4350	1.5858
5.4400	1.5868
5.4450	1.5879
5.4500	1.5884
5.4550	1.5882
5.4600	1.5880
5.4650	1.5879
5.4700	1.5877
5.4750	1.5875
5.4800	1.5874
5.4850	1.5872
5.4900	1.5871
5.4950	1.5871
5.5000	1.5877
5.5050	1.5883
5.5100	1.5889
5.5150	1.5890
5.5200	1.5892
5.5250	1.5892
5.5300	1.5889
5.5350	1.5885
5.5400	1.5882
5.5450	1.5883
5.5500	1.5884
5.5550	1.5884
5.5600	1.5884
5.5650	1.5884
5.5700	1.5888
5.5750	1.5894
5.5800	1.5904
5.5850	1.5912
5.5900	1.5915
5.5950	1.5911
5.6000	1.5907
5.6050	1.5905
5.6100	1.5906
5.6150	1.5906
5.6200	1.5906
5.6250	1.5906
5.6300	1.5910
5.6350	1.5913
5.6400	1.5914
5.6450	1.5916
5.6500	1.5916
5.6550	1.5916
5.6600	1.5918
5.6650	1.5921
5.6700	1.5924
5.6750	1.5921
5.6800	1.5919
5.6850	1.5918
5.6900	1.5919
5.6950	1.5922
5.7000	1.5924
5.7050	1.5924
5.7100	1.5922
5.7150	1.5922
5.7200	1.5924
5.7250	1.5929
5.7300	1.5936
5.7350	1.5941
5.7400	1.5944
5.7450	1.5945
5.7500	1.5946
5.7550	1.5950
5.7600	1.5957
5.7650	1.5961
5.7700	1.5961
5.7750	1.5960
5.7800	1.5965
5.7850	1.5976
5.7900	1.5984
5.7950	1.5986
5.8000	1.5984
5.8050	1.5980
5.8100	1.5977
5.8150	1.5976
5.8200	1.5976
5.8250	1.5975
5.8300	1.5974
5.8350	1.5973
5.8400	1.5974
5.8450	1.5975
5.8500	1.5975
5.8550	1.5977
5.8600	1.5980
5.8650	1.5983
5.8700	1.5984
5.8750	1.5988
5.8800	1.5993
5.8850	1.5996
5.8900	1.5999
5.8950	1.5998
5.9000	1.5994
5.9050	1.5992
5.9100	1.5988
5.9150	1.5986
5.9200	1.5980
5.9250	1.5979
5.9300	1.5985
5.9350	1.5994
5.9400	1.5995
5.9450	1.5990
5.9500	1.5988
5.9550	1.5984
5.9600	1.5980
5.9650	1.5979
5.9700	1.5981
5.9750	1.5986
5.9800	1.5993
5.9850	1.5996
5.9900	1.5997
5.9950	1.5997
6.0000	1.6000
6.0050	1.6007
6.0100	1.6016
6.0150	1.6021
6.0200	1.6028
6.0250	1.6034
6.0300	1.6035
6.0350	1.6032
6.0400	1.6028
6.0450	1.6026
6.0500	1.6026
6.0550	1.6025
6.0600	1.6025
6.0650	1.6024
6.0700	1.6023
6.0750	1.6023
6.0800	1.6021
6.0850	1.6018
6.0900	1.6015
6.0950	1.6015
6.1000	1.6018
6.1050	1.6024
6.1100	1.6032
6.1150	1.6040
6.1200	1.6044
6.1250	1.6046
6.1300	1.6052
6.1350	1.6055
6.1400	1.6055
6.1450	1.6059
6.1500	1.6065
6.1550	1.6071
6.1600	1.6068
6.1650	1.6059
6.1700	1.6045
6.1750	1.6036
6.1800	1.6030
6.1850	1.6030
6.1900	1.6033
6.1950	1.6037
6.2000	1.6043
6.2050	1.6052
6.2100	1.6062
6.2150	1.6071
6.2200	1.6076
6.2250	1.6078
6.2300	1.6082
6.2350	1.6087
6.2400	1.6088
6.2450	1.6092
6.2500	1.6093
6.2550	1.6090
6.2600	1.6082
6.2650	1.6074
6.2700	1.6070
6.2750	1.6067
6.2800	1.6065
6.2850	1.6064
6.2900	1.6060
6.2950	1.6058
6.3000	1.6058
6.3050	1.6063
6.3100	1.6071
6.3150	1.6079
6.3200	1.6081
6.3250	1.6080
6.3300	1.6078
6.3350	1.6079
6.3400	1.6085
6.3450	1.6092
6.3500	1.6096
6.3550	1.6101
6.3600	1.6105
6.3650	1.6106
6.3700	1.6103
6.3750	1.6103
6.3800	1.6105
6.3850	1.6109
6.3900	1.6115
6.3950	1.6122
6.4000	1.6126
6.4050	1.6129
6.4100	1.6132
6.4150	1.6135
6.4200	1.6138
6.4250	1.6143
6.4300	1.6146
6.4350	1.6145
6.4400	1.6139
6.4450	1.6132
6.4500	1.6127
6.4550	1.6122
6.4600	1.6119
6.4650	1.6116
6.4700	1.6111
6.4750	1.6104
6.4800	1.6095
6.4850	1.6085
6.4900	1.6081
6.4950	1.6085
6.5000	1.6091
6.5050	1.6098
6.5100	1.6102
6.5150	1.6120
6.5200	1.6142
6.5250	1.6158
6.5300	1.6162
6.5350	1.6162
6.5400	1.6160
6.5450	1.6160
6.5500	1.6171
6.5550	1.6188
6.5600	1.6207
6.5650	1.6217
6.5700	1.6223
6.5750	1.6226
6.5800	1.6226
6.5850	1.6211
6.5900	1.6192
6.5950	1.6176
6.6000	1.6162
6.6050	1.6152
6.6100	1.6152
6.6150	1.6155
6.6200	1.6158
6.6250	1.6159
6.6300	1.6165
6.6350	1.6170
6.6400	1.6172
6.6450	1.6172
6.6500	1.6171
6.6550	1.6172
6.6600	1.6176
6.6650	1.6180
6.6700	1.6183
6.6750	1.6186
6.6800	1.6191
6.6850	1.6192
6.6900	1.6188
6.6950	1.6176
6.7000	1.6164
6.7050	1.6158
6.7100	1.6157
6.7150	1.6156
6.7200	1.6156
6.7250	1.6158
6.7300	1.6164
6.7350	1.6172
6.7400	1.6179
6.7450	1.6187
6.7500	1.6191
6.7550	1.6189
6.7600	1.6187
6.7650	1.6187
6.7700	1.6190
6.7750	1.6196
6.7800	1.6203
6.7850	1.6211
6.7900	1.6215
6.7950	1.6214
6.8000	1.6209
6.8050	1.6201
6.8100	1.6190
6.8150	1.6181
6.8200	1.6184
6.8250	1.6193
6.8300	1.6208
6.8350	1.6221
6.8400	1.6233
6.8450	1.6235
6.8500	1.6230
6.8550	1.6226
6.8600	1.6225
6.8650	1.6229
6.8700	1.6232
6.8750	1.6230
6.8800	1.6227
6.8850	1.6227
6.8900	1.6232
6.8950	1.6238
6.9000	1.6245
6.9050	1.6232
6.9100	1.6213
6.9150	1.6200
6.9200	1.6204
6.9250	1.6226
6.9300	1.6252
6.9350	1.6226
6.9400	1.6225
6.9450	1.6241
6.9500	1.6235
6.9550	1.6243
6.9600	1.6248
6.9650	1.6239
6.9700	1.6266
6.9750	1.6274
6.9800	1.6261
6.9850	1.6248
6.9900	1.6249
6.9950	1.6272
7.0000	1.6276
7.0050	1.6268
7.0100	1.6258
7.0150	1.6253
7.0200	1.6257
7.0250	1.6264
7.0300	1.6264
7.0350	1.6247
7.0400	1.6234
7.0450	1.6249
7.0500	1.6269
7.0550	1.6270
7.0600	1.6262
7.0650	1.6266
7.0700	1.6274
7.0750	1.6277
7.0800	1.6264
7.0850	1.6270
7.0900	1.6279
7.0950	1.6272
7.1000	1.6313
7.1050	1.6330
7.1100	1.6324
7.1150	1.6323
7.1200	1.6340
7.1250	-10000.0000
7.1300	-10000.0000
7.1350	-10000.0000
7.1400	-10000.0000
7.1450	-10000.0000
7.1500	-10000.0000
7.1550	-10000.0000
7.1600	-10000.0000
7.1650	-10000.0000
7.1700	-10000.0000
7.1750	-10000.0000
7.1800	-10000.0000
7.1850	-10000.0000
7.1900	-10000.0000
7.1950	-10000.0000
7.2000	-10000.0000
7.2050	-10000.0000
7.2100	-10000.0000
7.2150	-10000.0000
7.2200	-10000.0000
7.2250	-10000.0000
7.2300	-10000.0000
7.2350	-10000.0000
7.2400	-10000.0000
7.2450	-10000.0000
7.2500	-10000.0000
7.2550	-10000.0000
7.2600	-10000.0000
7.2650	-10000.0000
7.2700	-10000.0000
7.2750	-10000.0000
7.2800	-10000.0000
7.2850	-10000.0000
7.2900	-10000.0000
7.2950	-10000.0000
7.3000	-10000.0000
7.3050	-10000.0000
7.3100	-10000.0000
7.3150	-10000.0000
7.3200	-10000.0000
7.3250	-10000.0000
7.3300	-10000.0000
7.3350	-10000.0000
7.3400	-10000.0000
7.3450	-10000.0000
7.3500	-10000.0000
7.3550	-10000.0000
7.3600	-10000.0000
7.3650	-10000.0000
7.3700	-10000.0000
7.3750	-10000.0000
7.3800	-10000.0000
7.3850	-10000.0000
7.3900	-10000.0000
7.3950	-10000.0000
7.4000	-10000.0000
7.4050	-10000.0000
7.4100	-10000.0000
7.4150	-10000.0000
7.4200	-10000.0000
7.4250	-10000.0000
7.4300	-10000.0000
7.4350	-10000.0000
7.4400	-10000.0000
7.4450	-10000.0000
7.4500	-10000.0000
7.4550	-10000.0000
7.4600	-10000.0000
7.4650	-10000.0000
7.4700	-10000.0000
7.4750	-10000.0000
7.4800	-10000.0000
7.4850	-10000.0000
7.4900	-10000.0000
7.4950	-10000.0000
7.5000	-10000.0000
7.5050	-10000.0000
7.5100	-10000.0000
7.5150	-10000.0000
7.5200	-10000.0000
7.5250	-10000.0000
7.5300	-10000.0000
7.5350	-10000.0000
7.5400	-10000.0000
7.5450	-10000.0000
7.5500	-10000.0000
7.5550	-10000.0000
7.5600	-10000.0000
7.5650	-10000.0000
7.5700	-10000.0000
7.5750	-10000.0000
7.5800	-10000.0000
7.5850	-10000.0000
7.5900	-10000.0000
7.5950	-10000.0000
7.6000	-10000.0000
7.6050	-10000.0000
7.6100	-10000.0000
7.6150	-10000.0000
7.6200	-10000.0000
7.6250	-10000.0000
7.6300	-10000.0000
7.6350	-10000.0000
7.6400	-10000.0000
7.6450	-10000.0000
7.6500	-10000.0000
7.6550	-10000.0000
7.6600	-10000.0000
7.6650	-10000.0000
7.6700	-10000.0000
7.6750	-10000.0000
7.6800	-10000.0000
7.6850	-10000.0000
7.6900	-10000.0000
7.6950	-10000.0000
7.7000	-10000.0000
7.7050	-10000.0000
7.7100	-10000.0000
7.7150	-10000.0000
7.7200	-10000.0000
7.7250	-10000.0000
7.7300	-10000.0000
7.7350	-10000.0000
7.7400	-10000.0000
7.7450	-10000.0000
7.7500	-10000.0000
7.7550	-10000.0000
7.7600	-10000.0000
7.7650	-10000.0000
7.7700	-10000.0000
7.7750	-10000.0000
7.7800	-10000.0000
7.7850	-10000.0000
7.7900	-10000.0000
7.7950	-10000.0000
7.8000	-10000.0000
7.8050	-10000.0000
7.8100	-10000.0000
7.8150	-10000.0000
7.8200	-10000.0000
7.8250	-10000.0000
7.8300	-10000.0000
7.8350	-10000.0000
7.8400	-10000.0000
7.8450	-10000.0000
7.8500	-10000.0000
7.8550	-10000.0000
7.8600	-10000.0000
7.8650	-10000.0000
7.8700	-10000.0000
7.8750	-10000.0000
7.8800	-10000.0000
7.8850	-10000.0000
7.8900	-10000.0000
7.8950	-10000.0000
7.9000	-10000.0000
7.9050	-10000.0000
7.9100	-10000.0000
7.9150	-10000.0000
7.9200	-10000.0000
7.9250	-10000.0000
7.9300	-10000.0000
7.9350	-10000.0000
7.9400	-10000.0000
7.9450	-10000.0000
7.9500	-10000.0000
7.9550	-10000.0000
7.9600	-10000.0000
7.9650	-10000.0000
7.9700	-10000.0000
7.9750	-10000.0000
7.9800	-10000.0000
7.9850	-10000.0000
7.9900	-10000.0000
7.9950	-10000.0000
