-8.0000	-10000.0000
-7.9950	-10000.0000
-7.9900	-10000.0000
-7.9850	-10000.0000
-7.9800	-10000.0000
-7.9750	-10000.0000
-7.9700	-10000.0000
-7.9650	-10000.0000
-7.9600	-10000.0000
-7.9550	-10000.0000
-7.9500	-10000.0000
-7.9450	-10000.0000
-7.9400	-10000.0000
-7.9350	-10000.0000
-7.9300	-10000.0000
-7.9250	-10000.0000
-7.9200	-10000.0000
-7.9150	-10000.0000
-7.9100	-10000.0000
-7.9050	-10000.0000
-7.9000	-10000.0000
-7.8950	-10000.0000
-7.8900	-10000.0000
-7.8850	-10000.0000
-7.8800	-10000.0000
-7.8750	-10000.0000
-7.8700	-10000.0000
-7.8650	-10000.0000
-7.8600	-10000.0000
-7.8550	-10000.0000
-7.8500	-10000.0000
-7.8450	-10000.0000
-7.8400	-10000.0000
-7.8350	-10000.0000
-7.8300	-10000.0000
-7.8250	-10000.0000
-7.8200	-10000.0000
-7.8150	-10000.0000
-7.8100	-10000.0000
-7.8050	-10000.0000
-7.8000	-10000.0000
-7.7950	-10000.0000
-7.7900	-10000.0000
-7.7850	-10000.0000
-7.7800	-10000.0000
-7.7750	-10000.0000
-7.7700	-10000.0000
-7.7650	-10000.0000
-7.7600	-10000.0000
-7.7550	-10000.0000
-7.7500	-10000.0000
-7.7450	-10000.0000
-7.7400	-10000.0000
-7.7350	-10000.0000
-7.7300	-10000.0000
-7.7250	-10000.0000
-7.7200	-10000.0000
-7.7150	-10000.0000
-7.7100	-10000.0000
-7.7050	-10000.0000
-7.7000	-10000.0000
-7.6950	-10000.0000
-7.6900	-10000.0000
-7.6850	-10000.0000
-7.6800	-10000.0000
-7.6750	-10000.0000
-7.6700	-10000.0000
-7.6650	-10000.0000
-7.6600	-10000.0000
-7.6550	-10000.0000
-7.6500	-10000.0000
-7.6450	-10000.0000
-7.6400	-10000.0000
-7.6350	-10000.0000
-7.6300	-10000.0000
-7.6250	-10000.0000
-7.6200	-10000.0000
-7.6150	-10000.0000
-7.6100	-10000.0000
-7.6050	-10000.0000
-7.6000	-10000.0000
-7.5950	-10000.0000
-7.5900	-10000.0000
-7.5850	-10000.0000
-7.5800	-10000.0000
-7.5750	-10000.0000
-7.5700	-10000.0000
-7.5650	-10000.0000
-7.5600	-10000.0000
-7.5550	-10000.0000
-7.5500	-10000.0000
-7.5450	-10000.0000
-7.5400	-10000.0000
-7.5350	-10000.0000
-7.5300	-10000.0000
-7.5250	-10000.0000
-7.5200	-10000.0000
-7.5150	-10000.0000
-7.5100	-10000.0000
-7.5050	-10000.0000
-7.5000	-10000.0000
-7.4950	-10000.0000
-7.4900	-10000.0000
-7.4850	-10000.0000
-7.4800	-10000.0000
-7.4750	-10000.0000
-7.4700	-10000.0000
-7.4650	-10000.0000
-7.4600	-10000.0000
-7.4550	-10000.0000
-7.4500	-10000.0000
-7.4450	-10000.0000
-7.4400	-10000.0000
-7.4350	-10000.0000
-7.4300	-10000.0000
-7.4250	-10000.0000
-7.4200	-10000.0000
-7.4150	-10000.0000
-7.4100	-10000.0000
-7.4050	-10000.0000
-7.4000	-10000.0000
-7.3950	-10000.0000
-7.3900	-10000.0000
-7.3850	-10000.0000
-7.3800	-10000.0000
-7.3750	-10000.0000
-7.3700	-10000.0000
-7.3650	-10000.0000
-7.3600	-10000.0000
-7.3550	-10000.0000
-7.3500	-10000.0000
-7.3450	-10000.0000
-7.3400	-10000.0000
-7.3350	-10000.0000
-7.3300	-10000.0000
-7.3250	-10000.0000
-7.3200	-10000.0000
-7.3150	-10000.0000
-7.3100	-10000.0000
-7.3050	-10000.0000
-7.3000	-10000.0000
-7.2950	-10000.0000
-7.2900	-10000.0000
-7.2850	-10000.0000
-7.2800	-10000.0000
-7.2750	-10000.0000
-7.2700	-10000.0000
-7.2650	-10000.0000
-7.2600	-10000.0000
-7.2550	-10000.0000
-7.2500	-10000.0000
-7.2450	1.4127
-7.2400	1.4126
-7.2350	1.4128
-7.2300	1.4130
-7.2250	1.4130
-7.2200	1.4133
-7.2150	1.4129
-7.2100	1.4117
-7.2050	1.4075
-7.2000	1.4072
-7.1950	1.4091
-7.1900	1.4080
-7.1850	1.4087
-7.1800	1.4102
-7.1750	1.4089
-7.1700	1.4075
-7.1650	1.4066
-7.1600	1.4074
-7.1550	1.4082
-7.1500	1.4090
-7.1450	1.4101
-7.1400	1.4107
-7.1350	1.4103
-7.1300	1.4100
-7.1250	1.4126
-7.1200	1.4163
-7.1150	1.4212
-7.1100	1.4254
-7.1050	1.4205
-7.1000	1.4187
-7.0950	1.4202
-7.0900	1.4194
-7.0850	1.4153
-7.0800	1.4125
-7.0750	1.4145
-7.0700	1.4141
-7.0650	1.4143
-7.0600	1.4174
-7.0550	1.4050
-7.0500	1.3996
-7.0450	1.3949
-7.0400	1.3893
-7.0350	1.3903
-7.0300	1.3924
-7.0250	1.3952
-7.0200	1.3981
-7.0150	1.3978
-7.0100	1.3928
-7.0050	1.3926
-7.0000	1.3998
-6.9950	1.4095
-6.9900	1.4194
-6.9850	1.4198
-6.9800	1.4211
-6.9750	1.4230
-6.9700	1.4235
-6.9650	1.4226
-6.9600	1.4211
-6.9550	1.4206
-6.9500	1.4203
-6.9450	1.4199
-6.9400	1.4198
-6.9350	1.4201
-6.9300	1.4206
-6.9250	1.4214
-6.9200	1.4224
-6.9150	1.4234
-6.9100	1.4241
-6.9050	1.4245
-6.9000	1.4244
-6.8950	1.4238
-6.8900	1.4226
-6.8850	1.4214
-6.8800	1.4198
-6.8750	1.4192
-6.8700	1.4198
-6.8650	1.3984
-6.8600	1.3973
-6.8550	1.3970
-6.8500	1.3971
-6.8450	1.3972
-6.8400	1.3975
-6.8350	1.3978
-6.8300	1.3979
-6.8250	1.3981
-6.8200	1.3983
-6.8150	1.3986
-6.8100	1.3994
-6.8050	1.4006
-6.8000	1.4020
-6.7950	1.4033
-6.7900	1.4042
-6.7850	1.4063
-6.7800	1.4088
-6.7750	1.4110
-6.7700	1.4129
-6.7650	1.4138
-6.7600	1.4136
-6.7550	1.4126
-6.7500	1.4098
-6.7450	1.4026
-6.7400	1.4012
-6.7350	1.4007
-6.7300	1.4016
-6.7250	1.4042
-6.7200	1.4071
-6.7150	1.4087
-6.7100	1.4091
-6.7050	1.4082
-6.7000	1.4071
-6.6950	1.4055
-6.6900	1.4044
-6.6850	1.4043
-6.6800	1.4031
-6.6750	1.4088
-6.6700	1.4172
-6.6650	1.4204
-6.6600	1.4065
-6.6550	1.4092
-6.6500	1.4115
-6.6450	1.4126
-6.6400	1.4121
-6.6350	1.4109
-6.6300	1.4092
-6.6250	1.4076
-6.6200	1.4067
-6.6150	1.4063
-6.6100	1.4063
-6.6050	1.4069
-6.6000	1.4078
-6.5950	1.4086
-6.5900	1.4089
-6.5850	1.4086
-6.5800	1.4082
-6.5750	1.4072
-6.5700	1.4065
-6.5650	1.4066
-6.5600	1.4078
-6.5550	1.4094
-6.5500	1.4098
-6.5450	1.4099
-6.5400	1.4095
-6.5350	1.4090
-6.5300	1.4085
-6.5250	1.4082
-6.5200	1.4082
-6.5150	1.4082
-6.5100	1.4080
-6.5050	1.4077
-6.5000	1.4073
-6.4950	1.4068
-6.4900	1.4065
-6.4850	1.4065
-6.4800	1.4066
-6.4750	1.4060
-6.4700	1.4046
-6.4650	1.4037
-6.4600	1.4041
-6.4550	1.4059
-6.4500	1.4084
-6.4450	1.4114
-6.4400	1.4147
-6.4350	1.4167
-6.4300	1.4182
-6.4250	1.4192
-6.4200	1.4196
-6.4150	1.4194
-6.4100	1.4188
-6.4050	1.4181
-6.4000	1.4170
-6.3950	1.4157
-6.3900	1.4144
-6.3850	1.4112
-6.3800	1.4082
-6.3750	1.4060
-6.3700	1.4051
-6.3650	1.4037
-6.3600	1.4021
-6.3550	1.4008
-6.3500	1.3997
-6.3450	1.3992
-6.3400	1.3992
-6.3350	1.3995
-6.3300	1.4001
-6.3250	1.4007
-6.3200	1.4026
-6.3150	1.4046
-6.3100	1.4064
-6.3050	1.4080
-6.3000	1.4090
-6.2950	1.4092
-6.2900	1.4094
-6.2850	1.4095
-6.2800	1.4104
-6.2750	1.4115
-6.2700	1.4125
-6.2650	1.4132
-6.2600	1.4133
-6.2550	1.4127
-6.2500	1.4116
-6.2450	1.4107
-6.2400	1.4104
-6.2350	1.4102
-6.2300	1.4096
-6.2250	1.4089
-6.2200	1.4077
-6.2150	1.4068
-6.2100	1.4061
-6.2050	1.4056
-6.2000	1.4053
-6.1950	1.4051
-6.1900	1.4051
-6.1850	1.4048
-6.1800	1.4041
-6.1750	1.4030
-6.1700	1.4011
-6.1650	1.3998
-6.1600	1.3997
-6.1550	1.3965
-6.1500	1.3979
-6.1450	1.4057
-6.1400	1.4109
-6.1350	1.4097
-6.1300	1.4110
-6.1250	1.4127
-6.1200	1.4135
-6.1150	1.4144
-6.1100	1.4150
-6.1050	1.4153
-6.1000	1.4155
-6.0950	1.4157
-6.0900	1.4157
-6.0850	1.4152
-6.0800	1.4144
-6.0750	1.4135
-6.0700	1.4122
-6.0650	1.4108
-6.0600	1.4097
-6.0550	1.4088
-6.0500	1.4083
-6.0450	1.4082
-6.0400	1.4086
-6.0350	1.4094
-6.0300	1.4101
-6.0250	1.4109
-6.0200	1.4116
-6.0150	1.4122
-6.0100	1.4125
-6.0050	1.4124
-6.0000	1.4116
-5.9950	1.4106
-5.9900	1.4099
-5.9850	1.4096
-5.9800	1.4089
-5.9750	1.4080
-5.9700	1.4073
-5.9650	1.4063
-5.9600	1.4059
-5.9550	1.4064
-5.9500	1.4077
-5.9450	1.4092
-5.9400	1.4104
-5.9350	1.4116
-5.9300	1.4126
-5.9250	1.4131
-5.9200	1.4131
-5.9150	1.4130
-5.9100	1.4129
-5.9050	1.4128
-5.9000	1.4126
-5.8950	1.4118
-5.8900	1.4108
-5.8850	1.4099
-5.8800	1.4094
-5.8750	1.4090
-5.8700	1.4089
-5.8650	1.4091
-5.8600	1.4094
-5.8550	1.4099
-5.8500	1.4103
-5.8450	1.4107
-5.8400	1.4111
-5.8350	1.4111
-5.8300	1.4111
-5.8250	1.4110
-5.8200	1.4113
-5.8150	1.4119
-5.8100	1.4127
-5.8050	1.4128
-5.8000	1.4125
-5.7950	1.4121
-5.7900	1.4121
-5.7850	1.4117
-5.7800	1.4110
-5.7750	1.4103
-5.7700	1.4098
-5.7650	1.4097
-5.7600	1.4097
-5.7550	1.4094
-5.7500	1.4087
-5.7450	1.4083
-5.7400	1.4082
-5.7350	1.4087
-5.7300	1.4099
-5.7250	1.4116
-5.7200	1.4128
-5.7150	1.4140
-5.7100	1.4144
-5.7050	1.4138
-5.7000	1.4115
-5.6950	1.4101
-5.6900	1.4097
-5.6850	1.4098
-5.6800	1.4094
-5.6750	1.4086
-5.6700	1.4079
-5.6650	1.4075
-5.6600	1.4075
-5.6550	1.4076
-5.6500	1.4076
-5.6450	1.4074
-5.6400	1.4074
-5.6350	1.4074
-5.6300	1.4073
-5.6250	1.4065
-5.6200	1.4060
-5.6150	1.4057
-5.6100	1.4051
-5.6050	1.4046
-5.6000	1.4042
-5.5950	1.4045
-5.5900	1.4050
-5.5850	1.4052
-5.5800	1.4043
-5.5750	1.4014
-5.5700	1.3980
-5.5650	1.3961
-5.5600	1.3953
-5.5550	1.3957
-5.5500	1.3968
-5.5450	1.3992
-5.5400	1.4019
-5.5350	1.4045
-5.5300	1.4069
-5.5250	1.4085
-5.5200	1.4092
-5.5150	1.4075
-5.5100	1.4029
-5.5050	1.3989
-5.5000	1.3970
-5.4950	1.3964
-5.4900	1.3966
-5.4850	1.3975
-5.4800	1.3985
-5.4750	1.3993
-5.4700	1.4005
-5.4650	1.4018
-5.4600	1.4029
-5.4550	1.4038
-5.4500	1.4044
-5.4450	1.4042
-5.4400	1.4042
-5.4350	1.4044
-5.4300	1.4064
-5.4250	1.4086
-5.4200	1.4104
-5.4150	1.4118
-5.4100	1.4122
-5.4050	1.4117
-5.4000	1.4113
-5.3950	1.4112
-5.3900	1.4116
-5.3850	1.4120
-5.3800	1.4118
-5.3750	1.4108
-5.3700	1.4087
-5.3650	1.4066
-5.3600	1.4058
-5.3550	1.4048
-5.3500	1.4039
-5.3450	1.4031
-5.3400	1.4031
-5.3350	1.4040
-5.3300	1.4054
-5.3250	1.4072
-5.3200	1.4082
-5.3150	1.4084
-5.3100	1.4083
-5.3050	1.4081
-5.3000	1.4086
-5.2950	1.4112
-5.2900	1.4144
-5.2850	1.4116
-5.2800	1.4097
-5.2750	1.4097
-5.2700	1.4099
-5.2650	1.4102
-5.2600	1.4103
-5.2550	1.4103
-5.2500	1.4109
-5.2450	1.4121
-5.2400	1.4127
-5.2350	1.4126
-5.2300	1.4116
-5.2250	1.4102
-5.2200	1.4086
-5.2150	1.4074
-5.2100	1.4070
-5.2050	1.4067
-5.2000	1.4067
-5.1950	1.4068
-5.1900	1.4066
-5.1850	1.4063
-5.1800	1.4063
-5.1750	1.4076
-5.1700	1.4094
-5.1650	1.4100
-5.1600	1.4091
-5.1550	1.4066
-5.1500	1.4038
-5.1450	1.4019
-5.1400	1.4023
-5.1350	1.4045
-5.1300	1.4075
-5.1250	1.4101
-5.1200	1.4118
-5.1150	1.4128
-5.1100	1.4132
-5.1050	1.4137
-5.1000	1.4139
-5.0950	1.4137
-5.0900	1.4117
-5.0850	1.4087
-5.0800	1.4052
-5.0750	1.4033
-5.0700	1.4022
-5.0650	1.4021
-5.0600	1.4025
-5.0550	1.4028
-5.0500	1.4030
-5.0450	1.4030
-5.0400	1.4034
-5.0350	1.4041
-5.0300	1.4048
-5.0250	1.4055
-5.0200	1.4059
-5.0150	1.4074
-5.0100	1.4089
-5.0050	1.4102
-5.0000	1.4107
-4.9950	1.4101
-4.9900	1.4088
-4.9850	1.4068
-4.9800	1.4044
-4.9750	1.4017
-4.9700	1.4004
-4.9650	1.3987
-4.9600	1.3974
-4.9550	1.3976
-4.9500	1.3981
-4.9450	1.3989
-4.9400	1.3994
-4.9350	1.3999
-4.9300	1.4004
-4.9250	1.4007
-4.9200	1.4011
-4.9150	1.4013
-4.9100	1.4013
-4.9050	1.4011
-4.9000	1.4010
-4.8950	1.4007
-4.8900	1.4007
-4.8850	1.4009
-4.8800	1.4017
-4.8750	1.4025
-4.8700	1.4030
-4.8650	1.4037
-4.8600	1.4046
-4.8550	1.4056
-4.8500	1.4064
-4.8450	1.4072
-4.8400	1.4076
-4.8350	1.4082
-4.8300	1.4089
-4.8250	1.4094
-4.8200	1.4096
-4.8150	1.4095
-4.8100	1.4091
-4.8050	1.4083
-4.8000	1.4073
-4.7950	1.4064
-4.7900	1.4054
-4.7850	1.4045
-4.7800	1.4040
-4.7750	1.4035
-4.7700	1.4032
-4.7650	1.4029
-4.7600	1.4023
-4.7550	1.4016
-4.7500	1.4014
-4.7450	1.4013
-4.7400	1.4012
-4.7350	1.4007
-4.7300	1.4002
-4.7250	1.4000
-4.7200	1.4002
-4.7150	1.4004
-4.7100	1.4003
-4.7050	1.3998
-4.7000	1.3996
-4.6950	1.3999
-4.6900	1.4003
-4.6850	1.4009
-4.6800	1.4013
-4.6750	1.4018
-4.6700	1.4026
-4.6650	1.4036
-4.6600	1.4047
-4.6550	1.4060
-4.6500	1.4071
-4.6450	1.4075
-4.6400	1.4078
-4.6350	1.4081
-4.6300	1.4082
-4.6250	1.4078
-4.6200	1.4073
-4.6150	1.4068
-4.6100	1.4063
-4.6050	1.4058
-4.6000	1.4051
-4.5950	1.4048
-4.5900	1.4049
-4.5850	1.4049
-4.5800	1.4048
-4.5750	1.4044
-4.5700	1.4044
-4.5650	1.4047
-4.5600	1.4054
-4.5550	1.4052
-4.5500	1.4039
-4.5450	1.4022
-4.5400	1.4003
-4.5350	1.3991
-4.5300	1.3989
-4.5250	1.3994
-4.5200	1.4001
-4.5150	1.4006
-4.5100	1.4012
-4.5050	1.4017
-4.5000	1.4018
-4.4950	1.4016
-4.4900	1.4015
-4.4850	1.4016
-4.4800	1.4021
-4.4750	1.4025
-4.4700	1.4025
-4.4650	1.4018
-4.4600	1.4009
-4.4550	1.4007
-4.4500	1.4016
-4.4450	1.4027
-4.4400	1.4033
-4.4350	1.4037
-4.4300	1.4035
-4.4250	1.4028
-4.4200	1.4018
-4.4150	1.4010
-4.4100	1.4009
-4.4050	1.4011
-4.4000	1.4013
-4.3950	1.4008
-4.3900	1.3999
-4.3850	1.3990
-4.3800	1.3989
-4.3750	1.3989
-4.3700	1.3991
-4.3650	1.3990
-4.3600	1.3989
-4.3550	1.3990
-4.3500	1.3992
-4.3450	1.3990
-4.3400	1.3984
-4.3350	1.3978
-4.3300	1.3970
-4.3250	1.3965
-4.3200	1.3963
-4.3150	1.3964
-4.3100	1.3969
-4.3050	1.3979
-4.3000	1.3997
-4.2950	1.4014
-4.2900	1.4036
-4.2850	1.4056
-4.2800	1.4067
-4.2750	1.4072
-4.2700	1.4074
-4.2650	1.4072
-4.2600	1.4070
-4.2550	1.4068
-4.2500	1.4067
-4.2450	1.4059
-4.2400	1.4044
-4.2350	1.4021
-4.2300	1.4003
-4.2250	1.3992
-4.2200	1.3987
-4.2150	1.3989
-4.2100	1.3990
-4.2050	1.3989
-4.2000	1.3987
-4.1950	1.3986
-4.1900	1.3987
-4.1850	1.3987
-4.1800	1.3984
-4.1750	1.3980
-4.1700	1.3977
-4.1650	1.3977
-4.1600	1.3981
-4.1550	1.3991
-4.1500	1.4004
-4.1450	1.4018
-4.1400	1.4030
-4.1350	1.4035
-4.1300	1.4032
-4.1250	1.4027
-4.1200	1.4022
-4.1150	1.4019
-4.1100	1.4017
-4.1050	1.4016
-4.1000	1.4015
-4.0950	1.4015
-4.0900	1.4018
-4.0850	1.4025
-4.0800	1.4034
-4.0750	1.4041
-4.0700	1.4048
-4.0650	1.4052
-4.0600	1.4053
-4.0550	1.4052
-4.0500	1.4052
-4.0450	1.4052
-4.0400	1.4052
-4.0350	1.4050
-4.0300	1.4046
-4.0250	1.4039
-4.0200	1.4031
-4.0150	1.4027
-4.0100	1.4030
-4.0050	1.4033
-4.0000	1.4033
-3.9950	1.4020
-3.9900	1.4005
-3.9850	1.3994
-3.9800	1.3989
-3.9750	1.3987
-3.9700	1.3986
-3.9650	1.3982
-3.9600	1.3975
-3.9550	1.3969
-3.9500	1.3960
-3.9450	1.3955
-3.9400	1.3954
-3.9350	1.3961
-3.9300	1.3970
-3.9250	1.3978
-3.9200	1.3985
-3.9150	1.3991
-3.9100	1.3993
-3.9050	1.3993
-3.9000	1.3993
-3.8950	1.3997
-3.8900	1.4004
-3.8850	1.4011
-3.8800	1.4013
-3.8750	1.4018
-3.8700	1.4022
-3.8650	1.4026
-3.8600	1.4027
-3.8550	1.4024
-3.8500	1.4016
-3.8450	1.4008
-3.8400	1.4002
-3.8350	1.3993
-3.8300	1.3986
-3.8250	1.3982
-3.8200	1.3983
-3.8150	1.3988
-3.8100	1.3993
-3.8050	1.4004
-3.8000	1.4013
-3.7950	1.4017
-3.7900	1.4014
-3.7850	1.4006
-3.7800	1.3995
-3.7750	1.3980
-3.7700	1.3965
-3.7650	1.3954
-3.7600	1.3950
-3.7550	1.3953
-3.7500	1.3958
-3.7450	1.3966
-3.7400	1.3972
-3.7350	1.3973
-3.7300	1.3971
-3.7250	1.3964
-3.7200	1.3955
-3.7150	1.3943
-3.7100	1.3935
-3.7050	1.3934
-3.7000	1.3937
-3.6950	1.3944
-3.6900	1.3952
-3.6850	1.3966
-3.6800	1.3984
-3.6750	1.3997
-3.6700	1.4012
-3.6650	1.4022
-3.6600	1.4025
-3.6550	1.4023
-3.6500	1.4018
-3.6450	1.4001
-3.6400	1.3983
-3.6350	1.3970
-3.6300	1.3966
-3.6250	1.3965
-3.6200	1.3967
-3.6150	1.3969
-3.6100	1.3975
-3.6050	1.3980
-3.6000	1.3990
-3.5950	1.4000
-3.5900	1.4007
-3.5850	1.4009
-3.5800	1.4007
-3.5750	1.4004
-3.5700	1.3995
-3.5650	1.3987
-3.5600	1.3983
-3.5550	1.3976
-3.5500	1.3971
-3.5450	1.3969
-3.5400	1.3967
-3.5350	1.3965
-3.5300	1.3961
-3.5250	1.3960
-3.5200	1.3959
-3.5150	1.3960
-3.5100	1.3964
-3.5050	1.3969
-3.5000	1.3975
-3.4950	1.3984
-3.4900	1.3995
-3.4850	1.4007
-3.4800	1.4017
-3.4750	1.4024
-3.4700	1.4028
-3.4650	1.4016
-3.4600	1.3985
-3.4550	1.3981
-3.4500	1.3983
-3.4450	1.3989
-3.4400	1.3994
-3.4350	1.4000
-3.4300	1.4004
-3.4250	1.4000
-3.4200	1.3995
-3.4150	1.3992
-3.4100	1.3990
-3.4050	1.3990
-3.4000	1.3990
-3.3950	1.3992
-3.3900	1.3995
-3.3850	1.3998
-3.3800	1.3997
-3.3750	1.3996
-3.3700	1.3996
-3.3650	1.3999
-3.3600	1.3997
-3.3550	1.3988
-3.3500	1.3981
-3.3450	1.3982
-3.3400	1.3991
-3.3350	1.3998
-3.3300	1.4000
-3.3250	1.4000
-3.3200	1.3992
-3.3150	1.3979
-3.3100	1.3971
-3.3050	1.3969
-3.3000	1.3976
-3.2950	1.3990
-3.2900	1.4003
-3.2850	1.4011
-3.2800	1.4010
-3.2750	1.4004
-3.2700	1.3995
-3.2650	1.3983
-3.2600	1.3969
-3.2550	1.3958
-3.2500	1.3955
-3.2450	1.3955
-3.2400	1.3957
-3.2350	1.3956
-3.2300	1.3956
-3.2250	1.3956
-3.2200	1.3961
-3.2150	1.3968
-3.2100	1.3975
-3.2050	1.3979
-3.2000	1.3982
-3.1950	1.3986
-3.1900	1.3995
-3.1850	1.4004
-3.1800	1.4008
-3.1750	1.4010
-3.1700	1.4009
-3.1650	1.4008
-3.1600	1.4008
-3.1550	1.4011
-3.1500	1.4024
-3.1450	1.4032
-3.1400	1.4027
-3.1350	1.4004
-3.1300	1.3994
-3.1250	1.3994
-3.1200	1.3990
-3.1150	1.3985
-3.1100	1.3980
-3.1050	1.3977
-3.1000	1.3975
-3.0950	1.3972
-3.0900	1.3967
-3.0850	1.3969
-3.0800	1.3975
-3.0750	1.3971
-3.0700	1.3961
-3.0650	1.3950
-3.0600	1.3948
-3.0550	1.3961
-3.0500	1.3988
-3.0450	1.3998
-3.0400	1.3996
-3.0350	1.3990
-3.0300	1.3973
-3.0250	1.3955
-3.0200	1.3940
-3.0150	1.3925
-3.0100	1.3918
-3.0050	1.3920
-3.0000	1.3936
-2.9950	1.3953
-2.9900	1.3964
-2.9850	1.3974
-2.9800	1.3982
-2.9750	1.3990
-2.9700	1.3998
-2.9650	1.4002
-2.9600	1.3995
-2.9550	1.3980
-2.9500	1.3959
-2.9450	1.3946
-2.9400	1.3935
-2.9350	1.3933
-2.9300	1.3941
-2.9250	1.3965
-2.9200	1.3995
-2.9150	1.4009
-2.9100	1.4020
-2.9050	1.4020
-2.9000	1.4013
-2.8950	1.4006
-2.8900	1.4002
-2.8850	1.3997
-2.8800	1.3993
-2.8750	1.3990
-2.8700	1.3984
-2.8650	1.3977
-2.8600	1.3973
-2.8550	1.3973
-2.8500	1.3975
-2.8450	1.3976
-2.8400	1.3938
-2.8350	1.3905
-2.8300	1.3898
-2.8250	1.3894
-2.8200	1.3893
-2.8150	1.3894
-2.8100	1.3900
-2.8050	1.3929
-2.8000	1.3975
-2.7950	1.3990
-2.7900	1.3972
-2.7850	1.3950
-2.7800	1.3940
-2.7750	1.3939
-2.7700	1.3929
-2.7650	1.3915
-2.7600	1.3903
-2.7550	1.3901
-2.7500	1.3906
-2.7450	1.3917
-2.7400	1.3928
-2.7350	1.3943
-2.7300	1.3955
-2.7250	1.3969
-2.7200	1.3979
-2.7150	1.3982
-2.7100	1.3975
-2.7050	1.3965
-2.7000	1.3956
-2.6950	1.3949
-2.6900	1.3948
-2.6850	1.3953
-2.6800	1.3961
-2.6750	1.3969
-2.6700	1.3972
-2.6650	1.3974
-2.6600	1.3975
-2.6550	1.3973
-2.6500	1.3963
-2.6450	1.3948
-2.6400	1.3935
-2.6350	1.3922
-2.6300	1.3912
-2.6250	1.3903
-2.6200	1.3895
-2.6150	1.3892
-2.6100	1.3895
-2.6050	1.3906
-2.6000	1.3920
-2.5950	1.3931
-2.5900	1.3943
-2.5850	1.3953
-2.5800	1.3958
-2.5750	1.3962
-2.5700	1.3962
-2.5650	1.3962
-2.5600	1.3960
-2.5550	1.3957
-2.5500	1.3951
-2.5450	1.3944
-2.5400	1.3938
-2.5350	1.3933
-2.5300	1.3927
-2.5250	1.3923
-2.5200	1.3916
-2.5150	1.3912
-2.5100	1.3911
-2.5050	1.3916
-2.5000	1.3926
-2.4950	1.3934
-2.4900	1.3947
-2.4850	1.3959
-2.4800	1.3967
-2.4750	1.3977
-2.4700	1.3988
-2.4650	1.3995
-2.4600	1.3998
-2.4550	1.3996
-2.4500	1.3985
-2.4450	1.3975
-2.4400	1.3969
-2.4350	1.3966
-2.4300	1.3965
-2.4250	1.3967
-2.4200	1.3976
-2.4150	1.3984
-2.4100	1.3989
-2.4050	1.3993
-2.4000	1.3995
-2.3950	1.3995
-2.3900	1.3991
-2.3850	1.3987
-2.3800	1.3986
-2.3750	1.3991
-2.3700	1.3999
-2.3650	1.4005
-2.3600	1.4009
-2.3550	1.4009
-2.3500	1.4006
-2.3450	1.4002
-2.3400	1.3999
-2.3350	1.3997
-2.3300	1.3994
-2.3250	1.3989
-2.3200	1.3984
-2.3150	1.3972
-2.3100	1.3956
-2.3050	1.3939
-2.3000	1.3926
-2.2950	1.3924
-2.2900	1.3933
-2.2850	1.3937
-2.2800	1.3936
-2.2750	1.3931
-2.2700	1.3925
-2.2650	1.3919
-2.2600	1.3917
-2.2550	1.3915
-2.2500	1.3914
-2.2450	1.3915
-2.2400	1.3916
-2.2350	1.3916
-2.2300	1.3917
-2.2250	1.3918
-2.2200	1.3920
-2.2150	1.3935
-2.2100	1.3953
-2.2050	1.3969
-2.2000	1.3993
-2.1950	1.4015
-2.1900	1.4021
-2.1850	1.4023
-2.1800	1.4021
-2.1750	1.4025
-2.1700	1.4033
-2.1650	1.4040
-2.1600	1.4038
-2.1550	1.4035
-2.1500	1.4033
-2.1450	1.4030
-2.1400	1.4022
-2.1350	1.4009
-2.1300	1.3984
-2.1250	1.3965
-2.1200	1.3958
-2.1150	1.3960
-2.1100	1.3964
-2.1050	1.3967
-2.1000	1.3970
-2.0950	1.3975
-2.0900	1.3981
-2.0850	1.3986
-2.0800	1.3990
-2.0750	1.3992
-2.0700	1.3998
-2.0650	1.4006
-2.0600	1.4009
-2.0550	1.4010
-2.0500	1.4006
-2.0450	1.4002
-2.0400	1.3995
-2.0350	1.3990
-2.0300	1.3990
-2.0250	1.3991
-2.0200	1.3993
-2.0150	1.3993
-2.0100	1.3995
-2.0050	1.4000
-2.0000	1.4004
-1.9950	1.4006
-1.9900	1.4004
-1.9850	1.3996
-1.9800	1.3991
-1.9750	1.3992
-1.9700	1.3991
-1.9650	1.3985
-1.9600	1.3973
-1.9550	1.3966
-1.9500	1.3966
-1.9450	1.3971
-1.9400	1.3978
-1.9350	1.3983
-1.9300	1.3985
-1.9250	1.3986
-1.9200	1.3984
-1.9150	1.3979
-1.9100	1.3973
-1.9050	1.3970
-1.9000	1.3969
-1.8950	1.3965
-1.8900	1.3959
-1.8850	1.3952
-1.8800	1.3944
-1.8750	1.3935
-1.8700	1.3930
-1.8650	1.3926
-1.8600	1.3923
-1.8550	1.3922
-1.8500	1.3916
-1.8450	1.3907
-1.8400	1.3902
-1.8350	1.3900
-1.8300	1.3904
-1.8250	1.3914
-1.8200	1.3928
-1.8150	1.3941
-1.8100	1.3946
-1.8050	1.3947
-1.8000	1.3944
-1.7950	1.3947
-1.7900	1.3949
-1.7850	1.3947
-1.7800	1.3933
-1.7750	1.3922
-1.7700	1.3919
-1.7650	1.3927
-1.7600	1.3940
-1.7550	1.3942
-1.7500	1.3940
-1.7450	1.3934
-1.7400	1.3929
-1.7350	1.3921
-1.7300	1.3914
-1.7250	1.3913
-1.7200	1.3916
-1.7150	1.3922
-1.7100	1.3927
-1.7050	1.3931
-1.7000	1.3933
-1.6950	1.3928
-1.6900	1.3933
-1.6850	1.3951
-1.6800	1.3954
-1.6750	1.3955
-1.6700	1.3957
-1.6650	1.3939
-1.6600	1.3923
-1.6550	1.3917
-1.6500	1.3914
-1.6450	1.3914
-1.6400	1.3917
-1.6350	1.3924
-1.6300	1.3932
-1.6250	1.3940
-1.6200	1.3950
-1.6150	1.3956
-1.6100	1.3954
-1.6050	1.3944
-1.6000	1.3930
-1.5950	1.3919
-1.5900	1.3908
-1.5850	1.3902
-1.5800	1.3902
-1.5750	1.3904
-1.5700	1.3910
-1.5650	1.3919
-1.5600	1.3934
-1.5550	1.3951
-1.5500	1.3967
-1.5450	1.3978
-1.5400	1.3982
-1.5350	1.3985
-1.5300	1.3984
-1.5250	1.3981
-1.5200	1.3974
-1.5150	1.3964
-1.5100	1.3953
-1.5050	1.3941
-1.5000	1.3933
-1.4950	1.3931
-1.4900	1.3927
-1.4850	1.3922
-1.4800	1.3913
-1.4750	1.3900
-1.4700	1.3890
-1.4650	1.3896
-1.4600	1.3902
-1.4550	1.3906
-1.4500	1.3906
-1.4450	1.3902
-1.4400	1.3897
-1.4350	1.3895
-1.4300	1.3889
-1.4250	1.3884
-1.4200	1.3885
-1.4150	1.3888
-1.4100	1.3893
-1.4050	1.3900
-1.4000	1.3906
-1.3950	1.3911
-1.3900	1.3923
-1.3850	1.3933
-1.3800	1.3935
-1.3750	1.3934
-1.3700	1.3929
-1.3650	1.3923
-1.3600	1.3917
-1.3550	1.3912
-1.3500	1.3912
-1.3450	1.3915
-1.3400	1.3923
-1.3350	1.3931
-1.3300	1.3973
-1.3250	1.4021
-1.3200	1.4019
-1.3150	1.4017
-1.3100	1.4006
-1.3050	1.3967
-1.3000	1.3945
-1.2950	1.3942
-1.2900	1.3930
-1.2850	1.3916
-1.2800	1.3906
-1.2750	1.3902
-1.2700	1.3904
-1.2650	1.3908
-1.2600	1.3910
-1.2550	1.3906
-1.2500	1.3898
-1.2450	1.3894
-1.2400	1.3893
-1.2350	1.3892
-1.2300	1.3911
-1.2250	1.3934
-1.2200	1.3945
-1.2150	1.3957
-1.2100	1.3965
-1.2050	1.3967
-1.2000	1.3989
-1.1950	1.4015
-1.1900	1.4008
-1.1850	1.3975
-1.1800	1.3936
-1.1750	1.3939
-1.1700	1.3947
-1.1650	1.3956
-1.1600	1.3964
-1.1550	1.3973
-1.1500	1.3980
-1.1450	1.3983
-1.1400	1.3982
-1.1350	1.3979
-1.1300	1.3980
-1.1250	1.3980
-1.1200	1.3978
-1.1150	1.3965
-1.1100	1.3948
-1.1050	1.3932
-1.1000	1.3918
-1.0950	1.3905
-1.0900	1.3897
-1.0850	1.3878
-1.0800	1.3863
-1.0750	1.3867
-1.0700	1.3873
-1.0650	1.3880
-1.0600	1.3887
-1.0550	1.3892
-1.0500	1.3896
-1.0450	1.3902
-1.0400	1.3906
-1.0350	1.3909
-1.0300	1.3911
-1.0250	1.3909
-1.0200	1.3904
-1.0150	1.3904
-1.0100	1.3907
-1.0050	1.3912
-1.0000	1.3918
-0.9950	1.3922
-0.9900	1.3922
-0.9850	1.3919
-0.9800	1.3915
-0.9750	1.3913
-0.9700	1.3913
-0.9650	1.3914
-0.9600	1.3916
-0.9550	1.3929
-0.9500	1.3945
-0.9450	1.3960
-0.9400	1.3970
-0.9350	1.3969
-0.9300	1.3958
-0.9250	1.3945
-0.9200	1.3934
-0.9150	1.3933
-0.9100	1.3931
-0.9050	1.3926
-0.9000	1.3914
-0.8950	1.3897
-0.8900	1.3878
-0.8850	1.3868
-0.8800	1.3862
-0.8750	1.3861
-0.8700	1.3862
-0.8650	1.3868
-0.8600	1.3878
-0.8550	1.3885
-0.8500	1.3891
-0.8450	1.3898
-0.8400	1.3908
-0.8350	1.3914
-0.8300	1.3912
-0.8250	1.3906
-0.8200	1.3900
-0.8150	1.3897
-0.8100	1.3894
-0.8050	1.3894
-0.8000	1.3904
-0.7950	1.3910
-0.7900	1.3912
-0.7850	1.3912
-0.7800	1.3912
-0.7750	1.3912
-0.7700	1.3913
-0.7650	1.3926
-0.7600	1.3944
-0.7550	1.3953
-0.7500	1.3962
-0.7450	1.3968
-0.7400	1.3973
-0.7350	1.3974
-0.7300	1.3971
-0.7250	1.3966
-0.7200	1.3959
-0.7150	1.3952
-0.7100	1.3933
-0.7050	1.3910
-0.7000	1.3891
-0.6950	1.3866
-0.6900	1.3841
-0.6850	1.3823
-0.6800	1.3821
-0.6750	1.3828
-0.6700	1.3838
-0.6650	1.3847
-0.6600	1.3853
-0.6550	1.3854
-0.6500	1.3856
-0.6450	1.3856
-0.6400	1.3854
-0.6350	1.3855
-0.6300	1.3859
-0.6250	1.3867
-0.6200	1.3874
-0.6150	1.3880
-0.6100	1.3884
-0.6050	1.3890
-0.6000	1.3897
-0.5950	1.3898
-0.5900	1.3895
-0.5850	1.3892
-0.5800	1.3894
-0.5750	1.3902
-0.5700	1.3910
-0.5650	1.3923
-0.5600	1.3935
-0.5550	1.3942
-0.5500	1.3945
-0.5450	1.3944
-0.5400	1.3939
-0.5350	1.3936
-0.5300	1.3935
-0.5250	1.3937
-0.5200	1.3937
-0.5150	1.3938
-0.5100	1.3946
-0.5050	1.3956
-0.5000	1.3965
-0.4950	1.3970
-0.4900	1.3977
-0.4850	1.3983
-0.4800	1.3981
-0.4750	1.3975
-0.4700	1.3967
-0.4650	1.3965
-0.4600	1.3961
-0.4550	1.3959
-0.4500	1.3954
-0.4450	1.3954
-0.4400	1.3960
-0.4350	1.3961
-0.4300	1.3954
-0.4250	1.3940
-0.4200	1.3928
-0.4150	1.3909
-0.4100	1.3885
-0.4050	1.3863
-0.4000	1.3854
-0.3950	1.3859
-0.3900	1.3862
-0.3850	1.3862
-0.3800	1.3859
-0.3750	1.3858
-0.3700	1.3861
-0.3650	1.3868
-0.3600	1.3877
-0.3550	1.3886
-0.3500	1.3889
-0.3450	1.3892
-0.3400	1.3894
-0.3350	1.3900
-0.3300	1.3908
-0.3250	1.3915
-0.3200	1.3915
-0.3150	1.3911
-0.3100	1.3906
-0.3050	1.3903
-0.3000	1.3900
-0.2950	1.3897
-0.2900	1.3882
-0.2850	1.3864
-0.2800	1.3850
-0.2750	1.3841
-0.2700	1.3839
-0.2650	1.3839
-0.2600	1.3844
-0.2550	1.3851
-0.2500	1.3862
-0.2450	1.3874
-0.2400	1.3882
-0.2350	1.3883
-0.2300	1.3883
-0.2250	1.3881
-0.2200	1.3880
-0.2150	1.3880
-0.2100	1.3881
-0.2050	1.3879
-0.2000	1.3865
-0.1950	1.3847
-0.1900	1.3838
-0.1850	1.3830
-0.1800	1.3828
-0.1750	1.3823
-0.1700	1.3824
-0.1650	1.3830
-0.1600	1.3843
-0.1550	1.3854
-0.1500	1.3861
-0.1450	1.3861
-0.1400	1.3857
-0.1350	1.3850
-0.1300	1.3841
-0.1250	1.3842
-0.1200	1.3855
-0.1150	1.3858
-0.1100	1.3854
-0.1050	1.3835
-0.1000	1.3835
-0.0950	1.3851
-0.0900	1.3865
-0.0850	1.3880
-0.0800	1.3894
-0.0750	1.3904
-0.0700	1.3907
-0.0650	1.3900
-0.0600	1.3888
-0.0550	1.3910
-0.0500	1.3946
-0.0450	1.3940
-0.0400	1.3935
-0.0350	1.3927
-0.0300	1.3909
-0.0250	1.3889
-0.0200	1.3877
-0.0150	1.3860
-0.0100	1.3847
-0.0050	1.3844
0.0000	1.3841
0.0050	1.3839
0.0100	1.3838
0.0150	1.3828
0.0200	1.3827
0.0250	1.3839
0.0300	1.3852
0.0350	1.3863
0.0400	1.3871
0.0450	1.3884
0.0500	1.3901
0.0550	1.3917
0.0600	1.3936
0.0650	1.3952
0.0700	1.3958
0.0750	1.3964
0.0800	1.3967
0.0850	1.3968
0.0900	1.3964
0.0950	1.3956
0.1000	1.3948
0.1050	1.3928
0.1100	1.3903
0.1150	1.3880
0.1200	1.3857
0.1250	1.3848
0.1300	1.3853
0.1350	1.3861
0.1400	1.3867
0.1450	1.3874
0.1500	1.3882
0.1550	1.3887
0.1600	1.3895
0.1650	1.3900
0.1700	1.3900
0.1750	1.3894
0.1800	1.3886
0.1850	1.3880
0.1900	1.3874
0.1950	1.3870
0.2000	1.3872
0.2050	1.3879
0.2100	1.3886
0.2150	1.3882
0.2200	1.3870
0.2250	1.3853
0.2300	1.3836
0.2350	1.3811
0.2400	1.3788
0.2450	1.3783
0.2500	1.3785
0.2550	1.3792
0.2600	1.3808
0.2650	1.3825
0.2700	1.3838
0.2750	1.3857
0.2800	1.3875
0.2850	1.3887
0.2900	1.3896
0.2950	1.3900
0.3000	1.3901
0.3050	1.3896
0.3100	1.3889
0.3150	1.3882
0.3200	1.3879
0.3250	1.3880
0.3300	1.3883
0.3350	1.3901
0.3400	1.3921
0.3450	1.3937
0.3500	1.3945
0.3550	1.3947
0.3600	1.3945
0.3650	1.3941
0.3700	1.3936
0.3750	1.3929
0.3800	1.3918
0.3850	1.3905
0.3900	1.3891
0.3950	1.3898
0.4000	1.3917
0.4050	1.3916
0.4100	1.3915
0.4150	1.3915
0.4200	1.3916
0.4250	1.3896
0.4300	1.3868
0.4350	1.3855
0.4400	1.3849
0.4450	1.3844
0.4500	1.3842
0.4550	1.3845
0.4600	1.3853
0.4650	1.3867
0.4700	1.3881
0.4750	1.3890
0.4800	1.3897
0.4850	1.3903
0.4900	1.3910
0.4950	1.3909
0.5000	1.3903
0.5050	1.3895
0.5100	1.3884
0.5150	1.3873
0.5200	1.3864
0.5250	1.3855
0.5300	1.3849
0.5350	1.3848
0.5400	1.3852
0.5450	1.3861
0.5500	1.3871
0.5550	1.3879
0.5600	1.3884
0.5650	1.3887
0.5700	1.3894
0.5750	1.3900
0.5800	1.3895
0.5850	1.3888
0.5900	1.3884
0.5950	1.3887
0.6000	1.3897
0.6050	1.3911
0.6100	1.3926
0.6150	1.3940
0.6200	1.3948
0.6250	1.3949
0.6300	1.3941
0.6350	1.3929
0.6400	1.3911
0.6450	1.3890
0.6500	1.3871
0.6550	1.3845
0.6600	1.3826
0.6650	1.3819
0.6700	1.3824
0.6750	1.3834
0.6800	1.3844
0.6850	1.3858
0.6900	1.3873
0.6950	1.3884
0.7000	1.3892
0.7050	1.3893
0.7100	1.3892
0.7150	1.3895
0.7200	1.3901
0.7250	1.3907
0.7300	1.3907
0.7350	1.3901
0.7400	1.3893
0.7450	1.3882
0.7500	1.3871
0.7550	1.3862
0.7600	1.3855
0.7650	1.3854
0.7700	1.3865
0.7750	1.3884
0.7800	1.3912
0.7850	1.3956
0.7900	1.3978
0.7950	1.3976
0.8000	1.3974
0.8050	1.3936
0.8100	1.3887
0.8150	1.3864
0.8200	1.3858
0.8250	1.3861
0.8300	1.3860
0.8350	1.3851
0.8400	1.3836
0.8450	1.3826
0.8500	1.3819
0.8550	1.3818
0.8600	1.3813
0.8650	1.3806
0.8700	1.3803
0.8750	1.3805
0.8800	1.3814
0.8850	1.3829
0.8900	1.3852
0.8950	1.3876
0.9000	1.3890
0.9050	1.3903
0.9100	1.3911
0.9150	1.3909
0.9200	1.3904
0.9250	1.3897
0.9300	1.3892
0.9350	1.3885
0.9400	1.3876
0.9450	1.3868
0.9500	1.3860
0.9550	1.3855
0.9600	1.3852
0.9650	1.3854
0.9700	1.3858
0.9750	1.3857
0.9800	1.3853
0.9850	1.3849
0.9900	1.3849
0.9950	1.3854
1.0000	1.3862
1.0050	1.3869
1.0100	1.3875
1.0150	1.3878
1.0200	1.3884
1.0250	1.3891
1.0300	1.3898
1.0350	1.3907
1.0400	1.3910
1.0450	1.3906
1.0500	1.3890
1.0550	1.3873
1.0600	1.3859
1.0650	1.3844
1.0700	1.3835
1.0750	1.3838
1.0800	1.3848
1.0850	1.3861
1.0900	1.3870
1.0950	1.3880
1.1000	1.3887
1.1050	1.3891
1.1100	1.3893
1.1150	1.3895
1.1200	1.3896
1.1250	1.3897
1.1300	1.3898
1.1350	1.3898
1.1400	1.3890
1.1450	1.3877
1.1500	1.3870
1.1550	1.3866
1.1600	1.3867
1.1650	1.3874
1.1700	1.3884
1.1750	1.3892
1.1800	1.3930
1.1850	1.3949
1.1900	1.3951
1.1950	1.3954
1.2000	1.3958
1.2050	1.3952
1.2100	1.3923
1.2150	1.3890
1.2200	1.3870
1.2250	1.3845
1.2300	1.3826
1.2350	1.3817
1.2400	1.3805
1.2450	1.3793
1.2500	1.3787
1.2550	1.3790
1.2600	1.3801
1.2650	1.3811
1.2700	1.3825
1.2750	1.3840
1.2800	1.3857
1.2850	1.3874
1.2900	1.3885
1.2950	1.3885
1.3000	1.3884
1.3050	1.3880
1.3100	1.3877
1.3150	1.3875
1.3200	1.3877
1.3250	1.3879
1.3300	1.3879
1.3350	1.3876
1.3400	1.3872
1.3450	1.3870
1.3500	1.3872
1.3550	1.3875
1.3600	1.3881
1.3650	1.3888
1.3700	1.3895
1.3750	1.3895
1.3800	1.3891
1.3850	1.3890
1.3900	1.3889
1.3950	1.3889
1.4000	1.3889
1.4050	1.3887
1.4100	1.3881
1.4150	1.3871
1.4200	1.3863
1.4250	1.3858
1.4300	1.3855
1.4350	1.3856
1.4400	1.3859
1.4450	1.3861
1.4500	1.3871
1.4550	1.3886
1.4600	1.3893
1.4650	1.3896
1.4700	1.3897
1.4750	1.3908
1.4800	1.3923
1.4850	1.3936
1.4900	1.3944
1.4950	1.3943
1.5000	1.3936
1.5050	1.3920
1.5100	1.3903
1.5150	1.3893
1.5200	1.3883
1.5250	1.3877
1.5300	1.3882
1.5350	1.3886
1.5400	1.3886
1.5450	1.3884
1.5500	1.3880
1.5550	1.3875
1.5600	1.3866
1.5650	1.3849
1.5700	1.3830
1.5750	1.3819
1.5800	1.3812
1.5850	1.3813
1.5900	1.3815
1.5950	1.3808
1.6000	1.3797
1.6050	1.3788
1.6100	1.3789
1.6150	1.3800
1.6200	1.3818
1.6250	1.3836
1.6300	1.3849
1.6350	1.3855
1.6400	1.3865
1.6450	1.3874
1.6500	1.3882
1.6550	1.3895
1.6600	1.3909
1.6650	1.3914
1.6700	1.3914
1.6750	1.3909
1.6800	1.3907
1.6850	1.3901
1.6900	1.3894
1.6950	1.3885
1.7000	1.3877
1.7050	1.3871
1.7100	1.3870
1.7150	1.3869
1.7200	1.3867
1.7250	1.3861
1.7300	1.3850
1.7350	1.3837
1.7400	1.3832
1.7450	1.3842
1.7500	1.3865
1.7550	1.3888
1.7600	1.3903
1.7650	1.3905
1.7700	1.3893
1.7750	1.3879
1.7800	1.3871
1.7850	1.3861
1.7900	1.3854
1.7950	1.3852
1.8000	1.3851
1.8050	1.3852
1.8100	1.3852
1.8150	1.3843
1.8200	1.3828
1.8250	1.3817
1.8300	1.3804
1.8350	1.3795
1.8400	1.3796
1.8450	1.3800
1.8500	1.3805
1.8550	1.3810
1.8600	1.3813
1.8650	1.3815
1.8700	1.3819
1.8750	1.3824
1.8800	1.3829
1.8850	1.3831
1.8900	1.3829
1.8950	1.3820
1.9000	1.3805
1.9050	1.3800
1.9100	1.3811
1.9150	1.3807
1.9200	1.3801
1.9250	1.3798
1.9300	1.3821
1.9350	1.3833
1.9400	1.3833
1.9450	1.3829
1.9500	1.3823
1.9550	1.3816
1.9600	1.3807
1.9650	1.3797
1.9700	1.3788
1.9750	1.3769
1.9800	1.3753
1.9850	1.3743
1.9900	1.3754
1.9950	1.3773
2.0000	1.3791
2.0050	1.3805
2.0100	1.3815
2.0150	1.3817
2.0200	1.3823
2.0250	1.3828
2.0300	1.3832
2.0350	1.3838
2.0400	1.3842
2.0450	1.3844
2.0500	1.3847
2.0550	1.3849
2.0600	1.3850
2.0650	1.3852
2.0700	1.3856
2.0750	1.3859
2.0800	1.3868
2.0850	1.3881
2.0900	1.3896
2.0950	1.3913
2.1000	1.3925
2.1050	1.3929
2.1100	1.3930
2.1150	1.3931
2.1200	1.3933
2.1250	1.3932
2.1300	1.3928
2.1350	1.3923
2.1400	1.3914
2.1450	1.3897
2.1500	1.3877
2.1550	1.3858
2.1600	1.3853
2.1650	1.3860
2.1700	1.3877
2.1750	1.3886
2.1800	1.3884
2.1850	1.3877
2.1900	1.3870
2.1950	1.3864
2.2000	1.3856
2.2050	1.3848
2.2100	1.3840
2.2150	1.3830
2.2200	1.3820
2.2250	1.3815
2.2300	1.3818
2.2350	1.3827
2.2400	1.3834
2.2450	1.3842
2.2500	1.3849
2.2550	1.3854
2.2600	1.3865
2.2650	1.3876
2.2700	1.3877
2.2750	1.3877
2.2800	1.3876
2.2850	1.3871
2.2900	1.3861
2.2950	1.3852
2.3000	1.3859
2.3050	1.3866
2.3100	1.3871
2.3150	1.3873
2.3200	1.3871
2.3250	1.3864
2.3300	1.3853
2.3350	1.3833
2.3400	1.3811
2.3450	1.3797
2.3500	1.3783
2.3550	1.3776
2.3600	1.3773
2.3650	1.3774
2.3700	1.3778
2.3750	1.3784
2.3800	1.3790
2.3850	1.3792
2.3900	1.3794
2.3950	1.3795
2.4000	1.3796
2.4050	1.3797
2.4100	1.3802
2.4150	1.3809
2.4200	1.3820
2.4250	1.3829
2.4300	1.3834
2.4350	1.3834
2.4400	1.3832
2.4450	1.3829
2.4500	1.3824
2.4550	1.3820
2.4600	1.3818
2.4650	1.3818
2.4700	1.3819
2.4750	1.3820
2.4800	1.3818
2.4850	1.3819
2.4900	1.3823
2.4950	1.3831
2.5000	1.3835
2.5050	1.3834
2.5100	1.3824
2.5150	1.3815
2.5200	1.3812
2.5250	1.3816
2.5300	1.3825
2.5350	1.3835
2.5400	1.3849
2.5450	1.3860
2.5500	1.3864
2.5550	1.3863
2.5600	1.3860
2.5650	1.3859
2.5700	1.3859
2.5750	1.3857
2.5800	1.3855
2.5850	1.3845
2.5900	1.3831
2.5950	1.3818
2.6000	1.3806
2.6050	1.3800
2.6100	1.3802
2.6150	1.3811
2.6200	1.3820
2.6250	1.3826
2.6300	1.3829
2.6350	1.3829
2.6400	1.3826
2.6450	1.3830
2.6500	1.3840
2.6550	1.3854
2.6600	1.3865
2.6650	1.3867
2.6700	1.3862
2.6750	1.3852
2.6800	1.3831
2.6850	1.3803
2.6900	1.3792
2.6950	1.3809
2.7000	1.3849
2.7050	1.3851
2.7100	1.3841
2.7150	1.3833
2.7200	1.3825
2.7250	1.3819
2.7300	1.3815
2.7350	1.3815
2.7400	1.3820
2.7450	1.3829
2.7500	1.3815
2.7550	1.3801
2.7600	1.3796
2.7650	1.3795
2.7700	1.3794
2.7750	1.3794
2.7800	1.3826
2.7850	1.3845
2.7900	1.3837
2.7950	1.3827
2.8000	1.3818
2.8050	1.3812
2.8100	1.3810
2.8150	1.3809
2.8200	1.3809
2.8250	1.3804
2.8300	1.3800
2.8350	1.3798
2.8400	1.3798
2.8450	1.3798
2.8500	1.3798
2.8550	1.3798
2.8600	1.3797
2.8650	1.3796
2.8700	1.3792
2.8750	1.3788
2.8800	1.3786
2.8850	1.3781
2.8900	1.3775
2.8950	1.3770
2.9000	1.3769
2.9050	1.3774
2.9100	1.3786
2.9150	1.3805
2.9200	1.3823
2.9250	1.3837
2.9300	1.3846
2.9350	1.3851
2.9400	1.3853
2.9450	1.3864
2.9500	1.3880
2.9550	1.3898
2.9600	1.3898
2.9650	1.3892
2.9700	1.3882
2.9750	1.3859
2.9800	1.3833
2.9850	1.3811
2.9900	1.3798
2.9950	1.3794
3.0000	1.3796
3.0050	1.3794
3.0100	1.3790
3.0150	1.3786
3.0200	1.3789
3.0250	1.3797
3.0300	1.3804
3.0350	1.3807
3.0400	1.3807
3.0450	1.3806
3.0500	1.3808
3.0550	1.3812
3.0600	1.3819
3.0650	1.3831
3.0700	1.3842
3.0750	1.3847
3.0800	1.3851
3.0850	1.3855
3.0900	1.3859
3.0950	1.3864
3.1000	1.3864
3.1050	1.3859
3.1100	1.3850
3.1150	1.3842
3.1200	1.3838
3.1250	1.3832
3.1300	1.3828
3.1350	1.3826
3.1400	1.3824
3.1450	1.3820
3.1500	1.3816
3.1550	1.3809
3.1600	1.3802
3.1650	1.3796
3.1700	1.3794
3.1750	1.3796
3.1800	1.3800
3.1850	1.3801
3.1900	1.3802
3.1950	1.3804
3.2000	1.3800
3.2050	1.3794
3.2100	1.3792
3.2150	1.3793
3.2200	1.3796
3.2250	1.3797
3.2300	1.3800
3.2350	1.3802
3.2400	1.3803
3.2450	1.3802
3.2500	1.3801
3.2550	1.3797
3.2600	1.3789
3.2650	1.3781
3.2700	1.3775
3.2750	1.3781
3.2800	1.3794
3.2850	1.3808
3.2900	1.3819
3.2950	1.3821
3.3000	1.3818
3.3050	1.3814
3.3100	1.3809
3.3150	1.3804
3.3200	1.3799
3.3250	1.3797
3.3300	1.3799
3.3350	1.3806
3.3400	1.3813
3.3450	1.3821
3.3500	1.3829
3.3550	1.3842
3.3600	1.3854
3.3650	1.3857
3.3700	1.3858
3.3750	1.3854
3.3800	1.3845
3.3850	1.3833
3.3900	1.3823
3.3950	1.3822
3.4000	1.3820
3.4050	1.3818
3.4100	1.3816
3.4150	1.3817
3.4200	1.3825
3.4250	1.3841
3.4300	1.3861
3.4350	1.3870
3.4400	1.3864
3.4450	1.3854
3.4500	1.3844
3.4550	1.3843
3.4600	1.3838
3.4650	1.3831
3.4700	1.3822
3.4750	1.3809
3.4800	1.3797
3.4850	1.3792
3.4900	1.3787
3.4950	1.3785
3.5000	1.3788
3.5050	1.3792
3.5100	1.3795
3.5150	1.3796
3.5200	1.3797
3.5250	1.3798
3.5300	1.3799
3.5350	1.3801
3.5400	1.3803
3.5450	1.3803
3.5500	1.3805
3.5550	1.3811
3.5600	1.3829
3.5650	1.3840
3.5700	1.3844
3.5750	1.3842
3.5800	1.3835
3.5850	1.3819
3.5900	1.3797
3.5950	1.3782
3.6000	1.3776
3.6050	1.3775
3.6100	1.3787
3.6150	1.3794
3.6200	1.3784
3.6250	1.3775
3.6300	1.3770
3.6350	1.3772
3.6400	1.3780
3.6450	1.3794
3.6500	1.3804
3.6550	1.3811
3.6600	1.3811
3.6650	1.3806
3.6700	1.3801
3.6750	1.3797
3.6800	1.3796
3.6850	1.3803
3.6900	1.3815
3.6950	1.3828
3.7000	1.3840
3.7050	1.3848
3.7100	1.3856
3.7150	1.3860
3.7200	1.3865
3.7250	1.3869
3.7300	1.3867
3.7350	1.3864
3.7400	1.3861
3.7450	1.3858
3.7500	1.3853
3.7550	1.3847
3.7600	1.3841
3.7650	1.3831
3.7700	1.3819
3.7750	1.3809
3.7800	1.3800
3.7850	1.3796
3.7900	1.3799
3.7950	1.3802
3.8000	1.3804
3.8050	1.3805
3.8100	1.3806
3.8150	1.3806
3.8200	1.3802
3.8250	1.3798
3.8300	1.3792
3.8350	1.3785
3.8400	1.3779
3.8450	1.3776
3.8500	1.3778
3.8550	1.3789
3.8600	1.3806
3.8650	1.3823
3.8700	1.3831
3.8750	1.3827
3.8800	1.3821
3.8850	1.3822
3.8900	1.3827
3.8950	1.3830
3.9000	1.3825
3.9050	1.3819
3.9100	1.3816
3.9150	1.3815
3.9200	1.3817
3.9250	1.3822
3.9300	1.3832
3.9350	1.3842
3.9400	1.3852
3.9450	1.3856
3.9500	1.3852
3.9550	1.3842
3.9600	1.3823
3.9650	1.3805
3.9700	1.3792
3.9750	1.3784
3.9800	1.3790
3.9850	1.3810
3.9900	1.3821
3.9950	1.3831
4.0000	1.3844
4.0050	1.3856
4.0100	1.3863
4.0150	1.3863
4.0200	1.3855
4.0250	1.3847
4.0300	1.3840
4.0350	1.3836
4.0400	1.3832
4.0450	1.3830
4.0500	1.3831
4.0550	1.3836
4.0600	1.3842
4.0650	1.3846
4.0700	1.3846
4.0750	1.3842
4.0800	1.3835
4.0850	1.3823
4.0900	1.3808
4.0950	1.3796
4.1000	1.3787
4.1050	1.3783
4.1100	1.3782
4.1150	1.3779
4.1200	1.3777
4.1250	1.3779
4.1300	1.3784
4.1350	1.3788
4.1400	1.3787
4.1450	1.3783
4.1500	1.3777
4.1550	1.3772
4.1600	1.3768
4.1650	1.3768
4.1700	1.3772
4.1750	1.3782
4.1800	1.3791
4.1850	1.3793
4.1900	1.3793
4.1950	1.3791
4.2000	1.3790
4.2050	1.3796
4.2100	1.3806
4.2150	1.3817
4.2200	1.3835
4.2250	1.3849
4.2300	1.3856
4.2350	1.3857
4.2400	1.3853
4.2450	1.3845
4.2500	1.3838
4.2550	1.3833
4.2600	1.3829
4.2650	1.3823
4.2700	1.3810
4.2750	1.3794
4.2800	1.3782
4.2850	1.3774
4.2900	1.3775
4.2950	1.3794
4.3000	1.3812
4.3050	1.3821
4.3100	1.3820
4.3150	1.3811
4.3200	1.3795
4.3250	1.3780
4.3300	1.3765
4.3350	1.3755
4.3400	1.3752
4.3450	1.3755
4.3500	1.3761
4.3550	1.3766
4.3600	1.3769
4.3650	1.3769
4.3700	1.3771
4.3750	1.3775
4.3800	1.3783
4.3850	1.3795
4.3900	1.3805
4.3950	1.3813
4.4000	1.3817
4.4050	1.3821
4.4100	1.3823
4.4150	1.3821
4.4200	1.3819
4.4250	1.3815
4.4300	1.3813
4.4350	1.3809
4.4400	1.3808
4.4450	1.3808
4.4500	1.3807
4.4550	1.3803
4.4600	1.3798
4.4650	1.3792
4.4700	1.3787
4.4750	1.3784
4.4800	1.3786
4.4850	1.3787
4.4900	1.3788
4.4950	1.3788
4.5000	1.3784
4.5050	1.3778
4.5100	1.3776
4.5150	1.3775
4.5200	1.3777
4.5250	1.3782
4.5300	1.3792
4.5350	1.3803
4.5400	1.3809
4.5450	1.3812
4.5500	1.3812
4.5550	1.3811
4.5600	1.3811
4.5650	1.3812
4.5700	1.3813
4.5750	1.3812
4.5800	1.3812
4.5850	1.3814
4.5900	1.3816
4.5950	1.3818
4.6000	1.3819
4.6050	1.3821
4.6100	1.3825
4.6150	1.3827
4.6200	1.3817
4.6250	1.3810
4.6300	1.3811
4.6350	1.3813
4.6400	1.3818
4.6450	1.3824
4.6500	1.3828
4.6550	1.3824
4.6600	1.3814
4.6650	1.3808
4.6700	1.3799
4.6750	1.3789
4.6800	1.3785
4.6850	1.3782
4.6900	1.3781
4.6950	1.3781
4.7000	1.3780
4.7050	1.3780
4.7100	1.3780
4.7150	1.3778
4.7200	1.3778
4.7250	1.3780
4.7300	1.3788
4.7350	1.3797
4.7400	1.3801
4.7450	1.3795
4.7500	1.3784
4.7550	1.3772
4.7600	1.3763
4.7650	1.3758
4.7700	1.3758
4.7750	1.3767
4.7800	1.3779
4.7850	1.3790
4.7900	1.3799
4.7950	1.3803
4.8000	1.3804
4.8050	1.3806
4.8100	1.3805
4.8150	1.3801
4.8200	1.3796
4.8250	1.3793
4.8300	1.3792
4.8350	1.3795
4.8400	1.3805
4.8450	1.3819
4.8500	1.3834
4.8550	1.3840
4.8600	1.3841
4.8650	1.3839
4.8700	1.3834
4.8750	1.3827
4.8800	1.3823
4.8850	1.3827
4.8900	1.3830
4.8950	1.3827
4.9000	1.3820
4.9050	1.3814
4.9100	1.3812
4.9150	1.3810
4.9200	1.3808
4.9250	1.3807
4.9300	1.3800
4.9350	1.3791
4.9400	1.3784
4.9450	1.3783
4.9500	1.3784
4.9550	1.3783
4.9600	1.3783
4.9650	1.3781
4.9700	1.3780
4.9750	1.3781
4.9800	1.3782
4.9850	1.3783
4.9900	1.3780
4.9950	1.3771
5.0000	1.3760
5.0050	1.3754
5.0100	1.3747
5.0150	1.3742
5.0200	1.3737
5.0250	1.3730
5.0300	1.3723
5.0350	1.3720
5.0400	1.3723
5.0450	1.3732
5.0500	1.3743
5.0550	1.3759
5.0600	1.3771
5.0650	1.3775
5.0700	1.3776
5.0750	1.3777
5.0800	1.3780
5.0850	1.3789
5.0900	1.3800
5.0950	1.3812
5.1000	1.3818
5.1050	1.3838
5.1100	1.3853
5.1150	1.3850
5.1200	1.3828
5.1250	1.3806
5.1300	1.3798
5.1350	1.3788
5.1400	1.3777
5.1450	1.3767
5.1500	1.3759
5.1550	1.3755
5.1600	1.3756
5.1650	1.3759
5.1700	1.3759
5.1750	1.3753
5.1800	1.3745
5.1850	1.3737
5.1900	1.3732
5.1950	1.3729
5.2000	1.3729
5.2050	1.3729
5.2100	1.3727
5.2150	1.3722
5.2200	1.3717
5.2250	1.3713
5.2300	1.3713
5.2350	1.3719
5.2400	1.3731
5.2450	1.3741
5.2500	1.3748
5.2550	1.3759
5.2600	1.3770
5.2650	1.3779
5.2700	1.3788
5.2750	1.3799
5.2800	1.3807
5.2850	1.3810
5.2900	1.3805
5.2950	1.3795
5.3000	1.3786
5.3050	1.3776
5.3100	1.3767
5.3150	1.3759
5.3200	1.3751
5.3250	1.3746
5.3300	1.3744
5.3350	1.3742
5.3400	1.3741
5.3450	1.3737
5.3500	1.3736
5.3550	1.3740
5.3600	1.3745
5.3650	1.3750
5.3700	1.3753
5.3750	1.3753
5.3800	1.3749
5.3850	1.3742
5.3900	1.3738
5.3950	1.3739
5.4000	1.3745
5.4050	1.3754
5.4100	1.3758
5.4150	1.3760
5.4200	1.3759
5.4250	1.3759
5.4300	1.3763
5.4350	1.3772
5.4400	1.3785
5.4450	1.3801
5.4500	1.3817
5.4550	1.3826
5.4600	1.3808
5.4650	1.3796
5.4700	1.3800
5.4750	1.3826
5.4800	1.3836
5.4850	1.3832
5.4900	1.3824
5.4950	1.3812
5.5000	1.3798
5.5050	1.3784
5.5100	1.3770
5.5150	1.3761
5.5200	1.3761
5.5250	1.3762
5.5300	1.3764
5.5350	1.3765
5.5400	1.3772
5.5450	1.3783
5.5500	1.3793
5.5550	1.3802
5.5600	1.3809
5.5650	1.3812
5.5700	1.3817
5.5750	1.3826
5.5800	1.3839
5.5850	1.3848
5.5900	1.3851
5.5950	1.3845
5.6000	1.3833
5.6050	1.3815
5.6100	1.3795
5.6150	1.3779
5.6200	1.3760
5.6250	1.3745
5.6300	1.3739
5.6350	1.3741
5.6400	1.3746
5.6450	1.3748
5.6500	1.3744
5.6550	1.3737
5.6600	1.3733
5.6650	1.3729
5.6700	1.3725
5.6750	1.3723
5.6800	1.3721
5.6850	1.3722
5.6900	1.3722
5.6950	1.3720
5.7000	1.3715
5.7050	1.3713
5.7100	1.3714
5.7150	1.3717
5.7200	1.3718
5.7250	1.3719
5.7300	1.3721
5.7350	1.3723
5.7400	1.3719
5.7450	1.3710
5.7500	1.3701
5.7550	1.3691
5.7600	1.3684
5.7650	1.3680
5.7700	1.3680
5.7750	1.3685
5.7800	1.3692
5.7850	1.3701
5.7900	1.3710
5.7950	1.3721
5.8000	1.3728
5.8050	1.3735
5.8100	1.3738
5.8150	1.3737
5.8200	1.3730
5.8250	1.3722
5.8300	1.3719
5.8350	1.3721
5.8400	1.3727
5.8450	1.3736
5.8500	1.3749
5.8550	1.3760
5.8600	1.3765
5.8650	1.3766
5.8700	1.3765
5.8750	1.3764
5.8800	1.3764
5.8850	1.3763
5.8900	1.3760
5.8950	1.3758
5.9000	1.3752
5.9050	1.3743
5.9100	1.3737
5.9150	1.3731
5.9200	1.3729
5.9250	1.3732
5.9300	1.3741
5.9350	1.3755
5.9400	1.3771
5.9450	1.3783
5.9500	1.3789
5.9550	1.3786
5.9600	1.3779
5.9650	1.3769
5.9700	1.3759
5.9750	1.3745
5.9800	1.3732
5.9850	1.3721
5.9900	1.3710
5.9950	1.3703
6.0000	1.3703
6.0050	1.3715
6.0100	1.3730
6.0150	1.3744
6.0200	1.3748
6.0250	1.3753
6.0300	1.3758
6.0350	1.3759
6.0400	1.3759
6.0450	1.3757
6.0500	1.3756
6.0550	1.3753
6.0600	1.3749
6.0650	1.3745
6.0700	1.3748
6.0750	1.3755
6.0800	1.3761
6.0850	1.3768
6.0900	1.3771
6.0950	1.3773
6.1000	1.3774
6.1050	1.3777
6.1100	1.3782
6.1150	1.3787
6.1200	1.3794
6.1250	1.3799
6.1300	1.3802
6.1350	1.3806
6.1400	1.3808
6.1450	1.3805
6.1500	1.3794
6.1550	1.3780
6.1600	1.3766
6.1650	1.3748
6.1700	1.3728
6.1750	1.3713
6.1800	1.3694
6.1850	1.3673
6.1900	1.3641
6.1950	1.3620
6.2000	1.3624
6.2050	1.3632
6.2100	1.3637
6.2150	1.3637
6.2200	1.3634
6.2250	1.3633
6.2300	1.3634
6.2350	1.3637
6.2400	1.3642
6.2450	1.3648
6.2500	1.3650
6.2550	1.3649
6.2600	1.3647
6.2650	1.3645
6.2700	1.3643
6.2750	1.3642
6.2800	1.3643
6.2850	1.3646
6.2900	1.3646
6.2950	1.3642
6.3000	1.3636
6.3050	1.3631
6.3100	1.3630
6.3150	1.3629
6.3200	1.3630
6.3250	1.3630
6.3300	1.3633
6.3350	1.3638
6.3400	1.3644
6.3450	1.3648
6.3500	1.3653
6.3550	1.3655
6.3600	1.3652
6.3650	1.3644
6.3700	1.3635
6.3750	1.3630
6.3800	1.3628
6.3850	1.3633
6.3900	1.3638
6.3950	1.3639
6.4000	1.3637
6.4050	1.3634
6.4100	1.3630
6.4150	1.3627
6.4200	1.3626
6.4250	1.3627
6.4300	1.3628
6.4350	1.3628
6.4400	1.3626
6.4450	1.3622
6.4500	1.3619
6.4550	1.3616
6.4600	1.3616
6.4650	1.3618
6.4700	1.3619
6.4750	1.3618
6.4800	1.3617
6.4850	1.3619
6.4900	1.3628
6.4950	1.3637
6.5000	1.3639
6.5050	1.3639
6.5100	1.3634
6.5150	1.3626
6.5200	1.3618
6.5250	1.3612
6.5300	1.3611
6.5350	1.3615
6.5400	1.3620
6.5450	1.3624
6.5500	1.3631
6.5550	1.3635
6.5600	1.3637
6.5650	1.3636
6.5700	1.3634
6.5750	1.3632
6.5800	1.3634
6.5850	1.3634
6.5900	1.3632
6.5950	1.3630
6.6000	1.3632
6.6050	1.3635
6.6100	1.3635
6.6150	1.3628
6.6200	1.3619
6.6250	1.3612
6.6300	1.3612
6.6350	1.3618
6.6400	1.3625
6.6450	1.3630
6.6500	1.3631
6.6550	1.3630
6.6600	1.3631
6.6650	1.3632
6.6700	1.3631
6.6750	1.3629
6.6800	1.3625
6.6850	1.3619
6.6900	1.3614
6.6950	1.3611
6.7000	1.3613
6.7050	1.3616
6.7100	1.3618
6.7150	1.3619
6.7200	1.3617
6.7250	1.3612
6.7300	1.3607
6.7350	1.3605
6.7400	1.3604
6.7450	1.3606
6.7500	1.3607
6.7550	1.3609
6.7600	1.3610
6.7650	1.3610
6.7700	1.3607
6.7750	1.3606
6.7800	1.3607
6.7850	1.3610
6.7900	1.3615
6.7950	1.3620
6.8000	1.3623
6.8050	1.3627
6.8100	1.3629
6.8150	1.3629
6.8200	1.3624
6.8250	1.3617
6.8300	1.3612
6.8350	1.3606
6.8400	1.3601
6.8450	1.3601
6.8500	1.3602
6.8550	1.3605
6.8600	1.3608
6.8650	1.3609
6.8700	1.3606
6.8750	1.3599
6.8800	1.3597
6.8850	1.3599
6.8900	1.3603
6.8950	1.3611
6.9000	1.3618
6.9050	1.3621
6.9100	1.3614
6.9150	1.3600
6.9200	1.3586
6.9250	1.3585
6.9300	1.3589
6.9350	1.3598
6.9400	1.3610
6.9450	1.3620
6.9500	1.3623
6.9550	1.3620
6.9600	1.3614
6.9650	1.3617
6.9700	1.3631
6.9750	1.3626
6.9800	1.3608
6.9850	1.3584
6.9900	1.3589
6.9950	1.3607
7.0000	1.3610
7.0050	1.3608
7.0100	1.3606
7.0150	1.3607
7.0200	1.3613
7.0250	1.3608
7.0300	1.3597
7.0350	1.3596
7.0400	1.3600
7.0450	1.3605
7.0500	1.3603
7.0550	1.3587
7.0600	1.3574
7.0650	1.3604
7.0700	1.3606
7.0750	1.3599
7.0800	1.3593
7.0850	1.3588
7.0900	1.3586
7.0950	1.3588
7.1000	1.3608
7.1050	1.3621
7.1100	1.3618
7.1150	1.3613
7.1200	1.3603
7.1250	1.3588
7.1300	1.3594
7.1350	1.3603
7.1400	1.3610
7.1450	1.3617
7.1500	1.3614
7.1550	1.3606
7.1600	1.3605
7.1650	1.3589
7.1700	1.3570
7.1750	1.3575
7.1800	1.3615
7.1850	1.3639
7.1900	1.3613
7.1950	-10000.0000
7.2000	-10000.0000
7.2050	-10000.0000
7.2100	-10000.0000
7.2150	-10000.0000
7.2200	-10000.0000
7.2250	-10000.0000
7.2300	-10000.0000
7.2350	-10000.0000
7.2400	-10000.0000
7.2450	-10000.0000
7.2500	-10000.0000
7.2550	-10000.0000
7.2600	-10000.0000
7.2650	-10000.0000
7.2700	-10000.0000
7.2750	-10000.0000
7.2800	-10000.0000
7.2850	-10000.0000
7.2900	-10000.0000
7.2950	-10000.0000
7.3000	-10000.0000
7.3050	-10000.0000
7.3100	-10000.0000
7.3150	-10000.0000
7.3200	-10000.0000
7.3250	-10000.0000
7.3300	-10000.0000
7.3350	-10000.0000
7.3400	-10000.0000
7.3450	-10000.0000
7.3500	-10000.0000
7.3550	-10000.0000
7.3600	-10000.0000
7.3650	-10000.0000
7.3700	-10000.0000
7.3750	-10000.0000
7.3800	-10000.0000
7.3850	-10000.0000
7.3900	-10000.0000
7.3950	-10000.0000
7.4000	-10000.0000
7.4050	-10000.0000
7.4100	-10000.0000
7.4150	-10000.0000
7.4200	-10000.0000
7.4250	-10000.0000
7.4300	-10000.0000
7.4350	-10000.0000
7.4400	-10000.0000
7.4450	-10000.0000
7.4500	-10000.0000
7.4550	-10000.0000
7.4600	-10000.0000
7.4650	-10000.0000
7.4700	-10000.0000
7.4750	-10000.0000
7.4800	-10000.0000
7.4850	-10000.0000
7.4900	-10000.0000
7.4950	-10000.0000
7.5000	-10000.0000
7.5050	-10000.0000
7.5100	-10000.0000
7.5150	-10000.0000
7.5200	-10000.0000
7.5250	-10000.0000
7.5300	-10000.0000
7.5350	-10000.0000
7.5400	-10000.0000
7.5450	-10000.0000
7.5500	-10000.0000
7.5550	-10000.0000
7.5600	-10000.0000
7.5650	-10000.0000
7.5700	-10000.0000
7.5750	-10000.0000
7.5800	-10000.0000
7.5850	-10000.0000
7.5900	-10000.0000
7.5950	-10000.0000
7.6000	-10000.0000
7.6050	-10000.0000
7.6100	-10000.0000
7.6150	-10000.0000
7.6200	-10000.0000
7.6250	-10000.0000
7.6300	-10000.0000
7.6350	-10000.0000
7.6400	-10000.0000
7.6450	-10000.0000
7.6500	-10000.0000
7.6550	-10000.0000
7.6600	-10000.0000
7.6650	-10000.0000
7.6700	-10000.0000
7.6750	-10000.0000
7.6800	-10000.0000
7.6850	-10000.0000
7.6900	-10000.0000
7.6950	-10000.0000
7.7000	-10000.0000
7.7050	-10000.0000
7.7100	-10000.0000
7.7150	-10000.0000
7.7200	-10000.0000
7.7250	-10000.0000
7.7300	-10000.0000
7.7350	-10000.0000
7.7400	-10000.0000
7.7450	-10000.0000
7.7500	-10000.0000
7.7550	-10000.0000
7.7600	-10000.0000
7.7650	-10000.0000
7.7700	-10000.0000
7.7750	-10000.0000
7.7800	-10000.0000
7.7850	-10000.0000
7.7900	-10000.0000
7.7950	-10000.0000
7.8000	-10000.0000
7.8050	-10000.0000
7.8100	-10000.0000
7.8150	-10000.0000
7.8200	-10000.0000
7.8250	-10000.0000
7.8300	-10000.0000
7.8350	-10000.0000
7.8400	-10000.0000
7.8450	-10000.0000
7.8500	-10000.0000
7.8550	-10000.0000
7.8600	-10000.0000
7.8650	-10000.0000
7.8700	-10000.0000
7.8750	-10000.0000
7.8800	-10000.0000
7.8850	-10000.0000
7.8900	-10000.0000
7.8950	-10000.0000
7.9000	-10000.0000
7.9050	-10000.0000
7.9100	-10000.0000
7.9150	-10000.0000
7.9200	-10000.0000
7.9250	-10000.0000
7.9300	-10000.0000
7.9350	-10000.0000
7.9400	-10000.0000
7.9450	-10000.0000
7.9500	-10000.0000
7.9550	-10000.0000
7.9600	-10000.0000
7.9650	-10000.0000
7.9700	-10000.0000
7.9750	-10000.0000
7.9800	-10000.0000
7.9850	-10000.0000
7.9900	-10000.0000
7.9950	-10000.0000
