-8.0000	-10000.0000
-7.9950	-10000.0000
-7.9900	-10000.0000
-7.9850	-10000.0000
-7.9800	-10000.0000
-7.9750	-10000.0000
-7.9700	-10000.0000
-7.9650	-10000.0000
-7.9600	-10000.0000
-7.9550	-10000.0000
-7.9500	-10000.0000
-7.9450	-10000.0000
-7.9400	-10000.0000
-7.9350	-10000.0000
-7.9300	-10000.0000
-7.9250	-10000.0000
-7.9200	-10000.0000
-7.9150	-10000.0000
-7.9100	-10000.0000
-7.9050	-10000.0000
-7.9000	-10000.0000
-7.8950	-10000.0000
-7.8900	-10000.0000
-7.8850	-10000.0000
-7.8800	-10000.0000
-7.8750	-10000.0000
-7.8700	-10000.0000
-7.8650	-10000.0000
-7.8600	-10000.0000
-7.8550	-10000.0000
-7.8500	-10000.0000
-7.8450	-10000.0000
-7.8400	-10000.0000
-7.8350	-10000.0000
-7.8300	-10000.0000
-7.8250	-10000.0000
-7.8200	-10000.0000
-7.8150	-10000.0000
-7.8100	-10000.0000
-7.8050	-10000.0000
-7.8000	-10000.0000
-7.7950	-10000.0000
-7.7900	-10000.0000
-7.7850	-10000.0000
-7.7800	-10000.0000
-7.7750	-10000.0000
-7.7700	-10000.0000
-7.7650	-10000.0000
-7.7600	-10000.0000
-7.7550	-10000.0000
-7.7500	-10000.0000
-7.7450	-10000.0000
-7.7400	-10000.0000
-7.7350	-10000.0000
-7.7300	-10000.0000
-7.7250	-10000.0000
-7.7200	-10000.0000
-7.7150	-10000.0000
-7.7100	-10000.0000
-7.7050	-10000.0000
-7.7000	-10000.0000
-7.6950	-10000.0000
-7.6900	-10000.0000
-7.6850	-10000.0000
-7.6800	-10000.0000
-7.6750	-10000.0000
-7.6700	-10000.0000
-7.6650	-10000.0000
-7.6600	-10000.0000
-7.6550	-10000.0000
-7.6500	-10000.0000
-7.6450	-10000.0000
-7.6400	-10000.0000
-7.6350	-10000.0000
-7.6300	-10000.0000
-7.6250	-10000.0000
-7.6200	-10000.0000
-7.6150	-10000.0000
-7.6100	-10000.0000
-7.6050	-10000.0000
-7.6000	-10000.0000
-7.5950	-10000.0000
-7.5900	-10000.0000
-7.5850	-10000.0000
-7.5800	-10000.0000
-7.5750	-10000.0000
-7.5700	-10000.0000
-7.5650	-10000.0000
-7.5600	-10000.0000
-7.5550	-10000.0000
-7.5500	-10000.0000
-7.5450	-10000.0000
-7.5400	-10000.0000
-7.5350	-10000.0000
-7.5300	-10000.0000
-7.5250	-10000.0000
-7.5200	-10000.0000
-7.5150	-10000.0000
-7.5100	-10000.0000
-7.5050	-10000.0000
-7.5000	-10000.0000
-7.4950	-10000.0000
-7.4900	-10000.0000
-7.4850	-10000.0000
-7.4800	-10000.0000
-7.4750	-10000.0000
-7.4700	-10000.0000
-7.4650	-10000.0000
-7.4600	-10000.0000
-7.4550	-10000.0000
-7.4500	-10000.0000
-7.4450	-10000.0000
-7.4400	-10000.0000
-7.4350	-10000.0000
-7.4300	-10000.0000
-7.4250	-10000.0000
-7.4200	-10000.0000
-7.4150	-10000.0000
-7.4100	-10000.0000
-7.4050	-10000.0000
-7.4000	-10000.0000
-7.3950	-10000.0000
-7.3900	-10000.0000
-7.3850	-10000.0000
-7.3800	-10000.0000
-7.3750	-10000.0000
-7.3700	-10000.0000
-7.3650	-10000.0000
-7.3600	-10000.0000
-7.3550	-10000.0000
-7.3500	-10000.0000
-7.3450	-10000.0000
-7.3400	-10000.0000
-7.3350	-10000.0000
-7.3300	-10000.0000
-7.3250	-10000.0000
-7.3200	-10000.0000
-7.3150	-10000.0000
-7.3100	-10000.0000
-7.3050	-10000.0000
-7.3000	-10000.0000
-7.2950	-10000.0000
-7.2900	-10000.0000
-7.2850	-10000.0000
-7.2800	-10000.0000
-7.2750	-10000.0000
-7.2700	-10000.0000
-7.2650	-10000.0000
-7.2600	-10000.0000
-7.2550	-10000.0000
-7.2500	-10000.0000
-7.2450	-10000.0000
-7.2400	-10000.0000
-7.2350	-10000.0000
-7.2300	-10000.0000
-7.2250	-10000.0000
-7.2200	-10000.0000
-7.2150	-10000.0000
-7.2100	-10000.0000
-7.2050	-10000.0000
-7.2000	-10000.0000
-7.1950	-10000.0000
-7.1900	-10000.0000
-7.1850	-10000.0000
-7.1800	-10000.0000
-7.1750	-10000.0000
-7.1700	-10000.0000
-7.1650	-10000.0000
-7.1600	-10000.0000
-7.1550	-10000.0000
-7.1500	-10000.0000
-7.1450	-10000.0000
-7.1400	-10000.0000
-7.1350	-10000.0000
-7.1300	-10000.0000
-7.1250	-10000.0000
-7.1200	-10000.0000
-7.1150	2.0035
-7.1100	2.0035
-7.1050	2.0043
-7.1000	2.0026
-7.0950	1.9983
-7.0900	1.9968
-7.0850	1.9998
-7.0800	2.0019
-7.0750	1.9970
-7.0700	1.9953
-7.0650	1.9948
-7.0600	1.9946
-7.0550	1.9955
-7.0500	1.9961
-7.0450	1.9961
-7.0400	1.9960
-7.0350	1.9957
-7.0300	1.9955
-7.0250	1.9952
-7.0200	1.9957
-7.0150	1.9964
-7.0100	1.9962
-7.0050	1.9969
-7.0000	1.9973
-6.9950	1.9949
-6.9900	1.9960
-6.9850	1.9977
-6.9800	1.9975
-6.9750	1.9966
-6.9700	1.9955
-6.9650	1.9950
-6.9600	1.9942
-6.9550	1.9943
-6.9500	1.9954
-6.9450	1.9960
-6.9400	1.9962
-6.9350	1.9964
-6.9300	1.9966
-6.9250	1.9974
-6.9200	1.9988
-6.9150	1.9991
-6.9100	1.9989
-6.9050	1.9986
-6.9000	1.9980
-6.8950	1.9977
-6.8900	1.9977
-6.8850	1.9981
-6.8800	1.9983
-6.8750	1.9982
-6.8700	1.9982
-6.8650	1.9982
-6.8600	1.9982
-6.8550	1.9984
-6.8500	1.9987
-6.8450	1.9989
-6.8400	1.9989
-6.8350	1.9987
-6.8300	1.9986
-6.8250	1.9988
-6.8200	1.9993
-6.8150	1.9999
-6.8100	1.9998
-6.8050	1.9998
-6.8000	1.9999
-6.7950	2.0001
-6.7900	2.0000
-6.7850	1.9996
-6.7800	1.9992
-6.7750	1.9991
-6.7700	1.9994
-6.7650	2.0000
-6.7600	2.0004
-6.7550	2.0007
-6.7500	2.0007
-6.7450	2.0007
-6.7400	2.0005
-6.7350	2.0002
-6.7300	2.0002
-6.7250	2.0004
-6.7200	2.0005
-6.7150	2.0002
-6.7100	1.9999
-6.7050	1.9999
-6.7000	2.0001
-6.6950	2.0003
-6.6900	2.0003
-6.6850	2.0002
-6.6800	2.0001
-6.6750	2.0000
-6.6700	1.9992
-6.6650	1.9985
-6.6600	1.9980
-6.6550	1.9983
-6.6500	1.9987
-6.6450	1.9992
-6.6400	1.9995
-6.6350	1.9997
-6.6300	1.9997
-6.6250	1.9997
-6.6200	1.9998
-6.6150	1.9998
-6.6100	1.9998
-6.6050	2.0000
-6.6000	2.0006
-6.5950	2.0014
-6.5900	2.0021
-6.5850	2.0026
-6.5800	2.0025
-6.5750	2.0023
-6.5700	2.0020
-6.5650	2.0020
-6.5600	2.0021
-6.5550	2.0024
-6.5500	2.0025
-6.5450	2.0026
-6.5400	2.0027
-6.5350	2.0028
-6.5300	2.0027
-6.5250	2.0026
-6.5200	2.0026
-6.5150	2.0027
-6.5100	2.0026
-6.5050	2.0024
-6.5000	2.0021
-6.4950	2.0017
-6.4900	2.0015
-6.4850	2.0016
-6.4800	2.0020
-6.4750	2.0025
-6.4700	2.0029
-6.4650	2.0032
-6.4600	2.0032
-6.4550	2.0027
-6.4500	2.0022
-6.4450	2.0018
-6.4400	2.0019
-6.4350	2.0023
-6.4300	2.0029
-6.4250	2.0031
-6.4200	2.0029
-6.4150	2.0025
-6.4100	2.0023
-6.4050	2.0023
-6.4000	2.0023
-6.3950	2.0025
-6.3900	2.0032
-6.3850	2.0043
-6.3800	2.0049
-6.3750	2.0052
-6.3700	2.0053
-6.3650	2.0055
-6.3600	2.0061
-6.3550	2.0066
-6.3500	2.0070
-6.3450	2.0071
-6.3400	2.0069
-6.3350	2.0063
-6.3300	2.0053
-6.3250	2.0043
-6.3200	2.0035
-6.3150	2.0023
-6.3100	2.0022
-6.3050	2.0031
-6.3000	2.0040
-6.2950	2.0050
-6.2900	2.0055
-6.2850	2.0050
-6.2800	2.0042
-6.2750	2.0034
-6.2700	2.0033
-6.2650	2.0035
-6.2600	2.0036
-6.2550	2.0035
-6.2500	2.0034
-6.2450	2.0036
-6.2400	2.0041
-6.2350	2.0047
-6.2300	2.0051
-6.2250	2.0048
-6.2200	2.0043
-6.2150	2.0040
-6.2100	2.0041
-6.2050	2.0047
-6.2000	2.0054
-6.1950	2.0059
-6.1900	2.0062
-6.1850	2.0061
-6.1800	2.0061
-6.1750	2.0069
-6.1700	2.0079
-6.1650	2.0085
-6.1600	2.0080
-6.1550	2.0069
-6.1500	2.0063
-6.1450	2.0062
-6.1400	2.0065
-6.1350	2.0069
-6.1300	2.0074
-6.1250	2.0076
-6.1200	2.0076
-6.1150	2.0073
-6.1100	2.0072
-6.1050	2.0072
-6.1000	2.0069
-6.0950	2.0061
-6.0900	2.0053
-6.0850	2.0053
-6.0800	2.0054
-6.0750	2.0056
-6.0700	2.0059
-6.0650	2.0063
-6.0600	2.0067
-6.0550	2.0071
-6.0500	2.0073
-6.0450	2.0073
-6.0400	2.0071
-6.0350	2.0069
-6.0300	2.0067
-6.0250	2.0066
-6.0200	2.0068
-6.0150	2.0072
-6.0100	2.0077
-6.0050	2.0080
-6.0000	2.0078
-5.9950	2.0072
-5.9900	2.0063
-5.9850	2.0058
-5.9800	2.0058
-5.9750	2.0062
-5.9700	2.0065
-5.9650	2.0065
-5.9600	2.0067
-5.9550	2.0068
-5.9500	2.0068
-5.9450	2.0064
-5.9400	2.0062
-5.9350	2.0062
-5.9300	2.0069
-5.9250	2.0078
-5.9200	2.0086
-5.9150	2.0090
-5.9100	2.0094
-5.9050	2.0100
-5.9000	2.0101
-5.8950	2.0100
-5.8900	2.0097
-5.8850	2.0093
-5.8800	2.0092
-5.8750	2.0092
-5.8700	2.0094
-5.8650	2.0096
-5.8600	2.0098
-5.8550	2.0098
-5.8500	2.0098
-5.8450	2.0098
-5.8400	2.0100
-5.8350	2.0102
-5.8300	2.0103
-5.8250	2.0106
-5.8200	2.0110
-5.8150	2.0114
-5.8100	2.0113
-5.8050	2.0110
-5.8000	2.0104
-5.7950	2.0097
-5.7900	2.0096
-5.7850	2.0101
-5.7800	2.0112
-5.7750	2.0117
-5.7700	2.0117
-5.7650	2.0115
-5.7600	2.0110
-5.7550	2.0105
-5.7500	2.0101
-5.7450	2.0098
-5.7400	2.0097
-5.7350	2.0097
-5.7300	2.0097
-5.7250	2.0100
-5.7200	2.0107
-5.7150	2.0117
-5.7100	2.0124
-5.7050	2.0130
-5.7000	2.0130
-5.6950	2.0131
-5.6900	2.0132
-5.6850	2.0129
-5.6800	2.0127
-5.6750	2.0128
-5.6700	2.0131
-5.6650	2.0135
-5.6600	2.0137
-5.6550	2.0131
-5.6500	2.0122
-5.6450	2.0116
-5.6400	2.0114
-5.6350	2.0120
-5.6300	2.0128
-5.6250	2.0132
-5.6200	2.0136
-5.6150	2.0137
-5.6100	2.0133
-5.6050	2.0128
-5.6000	2.0127
-5.5950	2.0129
-5.5900	2.0134
-5.5850	2.0138
-5.5800	2.0138
-5.5750	2.0132
-5.5700	2.0124
-5.5650	2.0116
-5.5600	2.0115
-5.5550	2.0117
-5.5500	2.0121
-5.5450	2.0123
-5.5400	2.0127
-5.5350	2.0130
-5.5300	2.0134
-5.5250	2.0136
-5.5200	2.0137
-5.5150	2.0134
-5.5100	2.0134
-5.5050	2.0136
-5.5000	2.0136
-5.4950	2.0137
-5.4900	2.0138
-5.4850	2.0140
-5.4800	2.0143
-5.4750	2.0145
-5.4700	2.0149
-5.4650	2.0154
-5.4600	2.0160
-5.4550	2.0163
-5.4500	2.0165
-5.4450	2.0166
-5.4400	2.0169
-5.4350	2.0170
-5.4300	2.0170
-5.4250	2.0169
-5.4200	2.0166
-5.4150	2.0162
-5.4100	2.0158
-5.4050	2.0154
-5.4000	2.0153
-5.3950	2.0152
-5.3900	2.0153
-5.3850	2.0154
-5.3800	2.0154
-5.3750	2.0157
-5.3700	2.0159
-5.3650	2.0159
-5.3600	2.0156
-5.3550	2.0154
-5.3500	2.0157
-5.3450	2.0163
-5.3400	2.0171
-5.3350	2.0177
-5.3300	2.0180
-5.3250	2.0178
-5.3200	2.0173
-5.3150	2.0171
-5.3100	2.0170
-5.3050	2.0171
-5.3000	2.0170
-5.2950	2.0169
-5.2900	2.0168
-5.2850	2.0168
-5.2800	2.0166
-5.2750	2.0165
-5.2700	2.0164
-5.2650	2.0162
-5.2600	2.0162
-5.2550	2.0162
-5.2500	2.0165
-5.2450	2.0169
-5.2400	2.0173
-5.2350	2.0175
-5.2300	2.0174
-5.2250	2.0171
-5.2200	2.0169
-5.2150	2.0169
-5.2100	2.0171
-5.2050	2.0177
-5.2000	2.0184
-5.1950	2.0190
-5.1900	2.0195
-5.1850	2.0200
-5.1800	2.0203
-5.1750	2.0203
-5.1700	2.0202
-5.1650	2.0198
-5.1600	2.0197
-5.1550	2.0198
-5.1500	2.0199
-5.1450	2.0200
-5.1400	2.0199
-5.1350	2.0195
-5.1300	2.0193
-5.1250	2.0193
-5.1200	2.0195
-5.1150	2.0196
-5.1100	2.0194
-5.1050	2.0191
-5.1000	2.0189
-5.0950	2.0188
-5.0900	2.0187
-5.0850	2.0189
-5.0800	2.0190
-5.0750	2.0191
-5.0700	2.0191
-5.0650	2.0190
-5.0600	2.0187
-5.0550	2.0185
-5.0500	2.0182
-5.0450	2.0180
-5.0400	2.0180
-5.0350	2.0184
-5.0300	2.0190
-5.0250	2.0196
-5.0200	2.0195
-5.0150	2.0192
-5.0100	2.0190
-5.0050	2.0191
-5.0000	2.0194
-4.9950	2.0197
-4.9900	2.0198
-4.9850	2.0197
-4.9800	2.0196
-4.9750	2.0199
-4.9700	2.0202
-4.9650	2.0203
-4.9600	2.0206
-4.9550	2.0210
-4.9500	2.0212
-4.9450	2.0212
-4.9400	2.0210
-4.9350	2.0208
-4.9300	2.0208
-4.9250	2.0210
-4.9200	2.0214
-4.9150	2.0218
-4.9100	2.0222
-4.9050	2.0226
-4.9000	2.0229
-4.8950	2.0225
-4.8900	2.0218
-4.8850	2.0213
-4.8800	2.0212
-4.8750	2.0216
-4.8700	2.0220
-4.8650	2.0222
-4.8600	2.0220
-4.8550	2.0217
-4.8500	2.0217
-4.8450	2.0219
-4.8400	2.0224
-4.8350	2.0229
-4.8300	2.0233
-4.8250	2.0237
-4.8200	2.0239
-4.8150	2.0237
-4.8100	2.0233
-4.8050	2.0228
-4.8000	2.0226
-4.7950	2.0227
-4.7900	2.0232
-4.7850	2.0237
-4.7800	2.0238
-4.7750	2.0239
-4.7700	2.0240
-4.7650	2.0241
-4.7600	2.0245
-4.7550	2.0250
-4.7500	2.0253
-4.7450	2.0253
-4.7400	2.0252
-4.7350	2.0250
-4.7300	2.0250
-4.7250	2.0251
-4.7200	2.0254
-4.7150	2.0250
-4.7100	2.0242
-4.7050	2.0233
-4.7000	2.0226
-4.6950	2.0222
-4.6900	2.0222
-4.6850	2.0224
-4.6800	2.0226
-4.6750	2.0228
-4.6700	2.0230
-4.6650	2.0233
-4.6600	2.0234
-4.6550	2.0236
-4.6500	2.0239
-4.6450	2.0243
-4.6400	2.0246
-4.6350	2.0251
-4.6300	2.0255
-4.6250	2.0258
-4.6200	2.0260
-4.6150	2.0261
-4.6100	2.0260
-4.6050	2.0259
-4.6000	2.0257
-4.5950	2.0257
-4.5900	2.0253
-4.5850	2.0252
-4.5800	2.0253
-4.5750	2.0258
-4.5700	2.0264
-4.5650	2.0268
-4.5600	2.0267
-4.5550	2.0263
-4.5500	2.0259
-4.5450	2.0256
-4.5400	2.0253
-4.5350	2.0251
-4.5300	2.0254
-4.5250	2.0260
-4.5200	2.0267
-4.5150	2.0272
-4.5100	2.0274
-4.5050	2.0272
-4.5000	2.0271
-4.4950	2.0270
-4.4900	2.0270
-4.4850	2.0269
-4.4800	2.0266
-4.4750	2.0262
-4.4700	2.0257
-4.4650	2.0254
-4.4600	2.0254
-4.4550	2.0257
-4.4500	2.0260
-4.4450	2.0264
-4.4400	2.0266
-4.4350	2.0272
-4.4300	2.0280
-4.4250	2.0282
-4.4200	2.0282
-4.4150	2.0281
-4.4100	2.0278
-4.4050	2.0277
-4.4000	2.0280
-4.3950	2.0286
-4.3900	2.0291
-4.3850	2.0295
-4.3800	2.0298
-4.3750	2.0303
-4.3700	2.0309
-4.3650	2.0311
-4.3600	2.0309
-4.3550	2.0305
-4.3500	2.0299
-4.3450	2.0294
-4.3400	2.0293
-4.3350	2.0294
-4.3300	2.0297
-4.3250	2.0302
-4.3200	2.0304
-4.3150	2.0305
-4.3100	2.0305
-4.3050	2.0305
-4.3000	2.0301
-4.2950	2.0295
-4.2900	2.0290
-4.2850	2.0289
-4.2800	2.0290
-4.2750	2.0290
-4.2700	2.0289
-4.2650	2.0287
-4.2600	2.0286
-4.2550	2.0283
-4.2500	2.0283
-4.2450	2.0287
-4.2400	2.0293
-4.2350	2.0300
-4.2300	2.0305
-4.2250	2.0306
-4.2200	2.0303
-4.2150	2.0298
-4.2100	2.0298
-4.2050	2.0299
-4.2000	2.0302
-4.1950	2.0304
-4.1900	2.0304
-4.1850	2.0301
-4.1800	2.0297
-4.1750	2.0296
-4.1700	2.0299
-4.1650	2.0305
-4.1600	2.0310
-4.1550	2.0311
-4.1500	2.0309
-4.1450	2.0307
-4.1400	2.0304
-4.1350	2.0302
-4.1300	2.0302
-4.1250	2.0304
-4.1200	2.0310
-4.1150	2.0316
-4.1100	2.0319
-4.1050	2.0316
-4.1000	2.0313
-4.0950	2.0313
-4.0900	2.0316
-4.0850	2.0318
-4.0800	2.0317
-4.0750	2.0315
-4.0700	2.0315
-4.0650	2.0316
-4.0600	2.0319
-4.0550	2.0322
-4.0500	2.0324
-4.0450	2.0326
-4.0400	2.0328
-4.0350	2.0332
-4.0300	2.0337
-4.0250	2.0341
-4.0200	2.0343
-4.0150	2.0341
-4.0100	2.0339
-4.0050	2.0338
-4.0000	2.0338
-3.9950	2.0336
-3.9900	2.0334
-3.9850	2.0334
-3.9800	2.0335
-3.9750	2.0337
-3.9700	2.0341
-3.9650	2.0346
-3.9600	2.0349
-3.9550	2.0349
-3.9500	2.0344
-3.9450	2.0339
-3.9400	2.0338
-3.9350	2.0338
-3.9300	2.0339
-3.9250	2.0341
-3.9200	2.0342
-3.9150	2.0345
-3.9100	2.0349
-3.9050	2.0350
-3.9000	2.0351
-3.8950	2.0351
-3.8900	2.0351
-3.8850	2.0353
-3.8800	2.0354
-3.8750	2.0355
-3.8700	2.0356
-3.8650	2.0355
-3.8600	2.0355
-3.8550	2.0353
-3.8500	2.0351
-3.8450	2.0347
-3.8400	2.0341
-3.8350	2.0334
-3.8300	2.0331
-3.8250	2.0330
-3.8200	2.0333
-3.8150	2.0338
-3.8100	2.0344
-3.8050	2.0348
-3.8000	2.0349
-3.7950	2.0348
-3.7900	2.0348
-3.7850	2.0351
-3.7800	2.0358
-3.7750	2.0364
-3.7700	2.0369
-3.7650	2.0374
-3.7600	2.0377
-3.7550	2.0375
-3.7500	2.0369
-3.7450	2.0363
-3.7400	2.0359
-3.7350	2.0358
-3.7300	2.0360
-3.7250	2.0365
-3.7200	2.0365
-3.7150	2.0363
-3.7100	2.0360
-3.7050	2.0358
-3.7000	2.0358
-3.6950	2.0359
-3.6900	2.0361
-3.6850	2.0364
-3.6800	2.0369
-3.6750	2.0372
-3.6700	2.0372
-3.6650	2.0372
-3.6600	2.0372
-3.6550	2.0371
-3.6500	2.0371
-3.6450	2.0375
-3.6400	2.0378
-3.6350	2.0382
-3.6300	2.0386
-3.6250	2.0393
-3.6200	2.0398
-3.6150	2.0403
-3.6100	2.0406
-3.6050	2.0409
-3.6000	2.0410
-3.5950	2.0409
-3.5900	2.0405
-3.5850	2.0398
-3.5800	2.0390
-3.5750	2.0386
-3.5700	2.0385
-3.5650	2.0387
-3.5600	2.0389
-3.5550	2.0389
-3.5500	2.0389
-3.5450	2.0391
-3.5400	2.0395
-3.5350	2.0400
-3.5300	2.0402
-3.5250	2.0401
-3.5200	2.0401
-3.5150	2.0401
-3.5100	2.0403
-3.5050	2.0401
-3.5000	2.0397
-3.4950	2.0397
-3.4900	2.0398
-3.4850	2.0399
-3.4800	2.0398
-3.4750	2.0400
-3.4700	2.0402
-3.4650	2.0402
-3.4600	2.0406
-3.4550	2.0411
-3.4500	2.0415
-3.4450	2.0415
-3.4400	2.0411
-3.4350	2.0409
-3.4300	2.0408
-3.4250	2.0409
-3.4200	2.0412
-3.4150	2.0413
-3.4100	2.0413
-3.4050	2.0412
-3.4000	2.0410
-3.3950	2.0411
-3.3900	2.0414
-3.3850	2.0417
-3.3800	2.0419
-3.3750	2.0418
-3.3700	2.0419
-3.3650	2.0421
-3.3600	2.0423
-3.3550	2.0424
-3.3500	2.0425
-3.3450	2.0425
-3.3400	2.0424
-3.3350	2.0423
-3.3300	2.0422
-3.3250	2.0423
-3.3200	2.0424
-3.3150	2.0426
-3.3100	2.0425
-3.3050	2.0421
-3.3000	2.0414
-3.2950	2.0412
-3.2900	2.0413
-3.2850	2.0420
-3.2800	2.0429
-3.2750	2.0436
-3.2700	2.0440
-3.2650	2.0443
-3.2600	2.0442
-3.2550	2.0439
-3.2500	2.0434
-3.2450	2.0430
-3.2400	2.0427
-3.2350	2.0426
-3.2300	2.0425
-3.2250	2.0426
-3.2200	2.0430
-3.2150	2.0436
-3.2100	2.0441
-3.2050	2.0442
-3.2000	2.0443
-3.1950	2.0444
-3.1900	2.0442
-3.1850	2.0440
-3.1800	2.0440
-3.1750	2.0444
-3.1700	2.0447
-3.1650	2.0450
-3.1600	2.0451
-3.1550	2.0455
-3.1500	2.0459
-3.1450	2.0459
-3.1400	2.0454
-3.1350	2.0448
-3.1300	2.0447
-3.1250	2.0451
-3.1200	2.0457
-3.1150	2.0460
-3.1100	2.0459
-3.1050	2.0455
-3.1000	2.0454
-3.0950	2.0453
-3.0900	2.0451
-3.0850	2.0449
-3.0800	2.0449
-3.0750	2.0450
-3.0700	2.0451
-3.0650	2.0457
-3.0600	2.0465
-3.0550	2.0471
-3.0500	2.0473
-3.0450	2.0472
-3.0400	2.0469
-3.0350	2.0465
-3.0300	2.0462
-3.0250	2.0462
-3.0200	2.0463
-3.0150	2.0466
-3.0100	2.0470
-3.0050	2.0473
-3.0000	2.0472
-2.9950	2.0471
-2.9900	2.0470
-2.9850	2.0471
-2.9800	2.0471
-2.9750	2.0471
-2.9700	2.0472
-2.9650	2.0474
-2.9600	2.0475
-2.9550	2.0476
-2.9500	2.0478
-2.9450	2.0484
-2.9400	2.0488
-2.9350	2.0489
-2.9300	2.0489
-2.9250	2.0487
-2.9200	2.0484
-2.9150	2.0484
-2.9100	2.0486
-2.9050	2.0489
-2.9000	2.0489
-2.8950	2.0490
-2.8900	2.0491
-2.8850	2.0494
-2.8800	2.0496
-2.8750	2.0495
-2.8700	2.0492
-2.8650	2.0490
-2.8600	2.0489
-2.8550	2.0491
-2.8500	2.0493
-2.8450	2.0495
-2.8400	2.0496
-2.8350	2.0497
-2.8300	2.0498
-2.8250	2.0500
-2.8200	2.0501
-2.8150	2.0499
-2.8100	2.0497
-2.8050	2.0497
-2.8000	2.0500
-2.7950	2.0503
-2.7900	2.0504
-2.7850	2.0503
-2.7800	2.0502
-2.7750	2.0502
-2.7700	2.0502
-2.7650	2.0503
-2.7600	2.0507
-2.7550	2.0513
-2.7500	2.0517
-2.7450	2.0519
-2.7400	2.0518
-2.7350	2.0515
-2.7300	2.0514
-2.7250	2.0517
-2.7200	2.0522
-2.7150	2.0524
-2.7100	2.0522
-2.7050	2.0516
-2.7000	2.0513
-2.6950	2.0512
-2.6900	2.0512
-2.6850	2.0512
-2.6800	2.0512
-2.6750	2.0515
-2.6700	2.0520
-2.6650	2.0526
-2.6600	2.0528
-2.6550	2.0524
-2.6500	2.0517
-2.6450	2.0512
-2.6400	2.0511
-2.6350	2.0512
-2.6300	2.0513
-2.6250	2.0515
-2.6200	2.0518
-2.6150	2.0520
-2.6100	2.0522
-2.6050	2.0523
-2.6000	2.0523
-2.5950	2.0522
-2.5900	2.0521
-2.5850	2.0520
-2.5800	2.0523
-2.5750	2.0528
-2.5700	2.0533
-2.5650	2.0533
-2.5600	2.0531
-2.5550	2.0528
-2.5500	2.0528
-2.5450	2.0530
-2.5400	2.0531
-2.5350	2.0531
-2.5300	2.0530
-2.5250	2.0530
-2.5200	2.0532
-2.5150	2.0534
-2.5100	2.0535
-2.5050	2.0533
-2.5000	2.0530
-2.4950	2.0526
-2.4900	2.0525
-2.4850	2.0527
-2.4800	2.0530
-2.4750	2.0532
-2.4700	2.0535
-2.4650	2.0538
-2.4600	2.0542
-2.4550	2.0546
-2.4500	2.0550
-2.4450	2.0558
-2.4400	2.0563
-2.4350	2.0564
-2.4300	2.0562
-2.4250	2.0560
-2.4200	2.0558
-2.4150	2.0555
-2.4100	2.0552
-2.4050	2.0550
-2.4000	2.0547
-2.3950	2.0546
-2.3900	2.0549
-2.3850	2.0555
-2.3800	2.0561
-2.3750	2.0565
-2.3700	2.0566
-2.3650	2.0566
-2.3600	2.0566
-2.3550	2.0565
-2.3500	2.0565
-2.3450	2.0565
-2.3400	2.0567
-2.3350	2.0570
-2.3300	2.0571
-2.3250	2.0571
-2.3200	2.0571
-2.3150	2.0572
-2.3100	2.0572
-2.3050	2.0571
-2.3000	2.0570
-2.2950	2.0570
-2.2900	2.0569
-2.2850	2.0569
-2.2800	2.0570
-2.2750	2.0574
-2.2700	2.0579
-2.2650	2.0580
-2.2600	2.0580
-2.2550	2.0579
-2.2500	2.0580
-2.2450	2.0582
-2.2400	2.0583
-2.2350	2.0578
-2.2300	2.0570
-2.2250	2.0563
-2.2200	2.0560
-2.2150	2.0559
-2.2100	2.0560
-2.2050	2.0561
-2.2000	2.0565
-2.1950	2.0570
-2.1900	2.0573
-2.1850	2.0575
-2.1800	2.0575
-2.1750	2.0575
-2.1700	2.0577
-2.1650	2.0579
-2.1600	2.0577
-2.1550	2.0577
-2.1500	2.0581
-2.1450	2.0591
-2.1400	2.0601
-2.1350	2.0607
-2.1300	2.0601
-2.1250	2.0593
-2.1200	2.0584
-2.1150	2.0579
-2.1100	2.0580
-2.1050	2.0585
-2.1000	2.0590
-2.0950	2.0593
-2.0900	2.0594
-2.0850	2.0594
-2.0800	2.0594
-2.0750	2.0594
-2.0700	2.0592
-2.0650	2.0591
-2.0600	2.0594
-2.0550	2.0598
-2.0500	2.0600
-2.0450	2.0599
-2.0400	2.0598
-2.0350	2.0599
-2.0300	2.0601
-2.0250	2.0603
-2.0200	2.0606
-2.0150	2.0609
-2.0100	2.0609
-2.0050	2.0611
-2.0000	2.0613
-1.9950	2.0615
-1.9900	2.0618
-1.9850	2.0619
-1.9800	2.0618
-1.9750	2.0616
-1.9700	2.0614
-1.9650	2.0614
-1.9600	2.0618
-1.9550	2.0622
-1.9500	2.0625
-1.9450	2.0626
-1.9400	2.0623
-1.9350	2.0619
-1.9300	2.0614
-1.9250	2.0612
-1.9200	2.0613
-1.9150	2.0616
-1.9100	2.0618
-1.9050	2.0618
-1.9000	2.0619
-1.8950	2.0621
-1.8900	2.0622
-1.8850	2.0623
-1.8800	2.0622
-1.8750	2.0621
-1.8700	2.0624
-1.8650	2.0628
-1.8600	2.0631
-1.8550	2.0629
-1.8500	2.0626
-1.8450	2.0623
-1.8400	2.0619
-1.8350	2.0615
-1.8300	2.0615
-1.8250	2.0620
-1.8200	2.0626
-1.8150	2.0631
-1.8100	2.0633
-1.8050	2.0636
-1.8000	2.0638
-1.7950	2.0638
-1.7900	2.0637
-1.7850	2.0637
-1.7800	2.0638
-1.7750	2.0638
-1.7700	2.0639
-1.7650	2.0639
-1.7600	2.0639
-1.7550	2.0639
-1.7500	2.0639
-1.7450	2.0640
-1.7400	2.0641
-1.7350	2.0641
-1.7300	2.0641
-1.7250	2.0641
-1.7200	2.0638
-1.7150	2.0636
-1.7100	2.0635
-1.7050	2.0638
-1.7000	2.0644
-1.6950	2.0650
-1.6900	2.0652
-1.6850	2.0653
-1.6800	2.0653
-1.6750	2.0652
-1.6700	2.0649
-1.6650	2.0647
-1.6600	2.0648
-1.6550	2.0650
-1.6500	2.0651
-1.6450	2.0647
-1.6400	2.0642
-1.6350	2.0640
-1.6300	2.0644
-1.6250	2.0647
-1.6200	2.0648
-1.6150	2.0648
-1.6100	2.0649
-1.6050	2.0653
-1.6000	2.0657
-1.5950	2.0663
-1.5900	2.0668
-1.5850	2.0670
-1.5800	2.0672
-1.5750	2.0671
-1.5700	2.0671
-1.5650	2.0670
-1.5600	2.0670
-1.5550	2.0669
-1.5500	2.0669
-1.5450	2.0668
-1.5400	2.0667
-1.5350	2.0667
-1.5300	2.0668
-1.5250	2.0671
-1.5200	2.0675
-1.5150	2.0680
-1.5100	2.0683
-1.5050	2.0685
-1.5000	2.0682
-1.4950	2.0678
-1.4900	2.0674
-1.4850	2.0671
-1.4800	2.0670
-1.4750	2.0674
-1.4700	2.0679
-1.4650	2.0683
-1.4600	2.0684
-1.4550	2.0683
-1.4500	2.0682
-1.4450	2.0681
-1.4400	2.0679
-1.4350	2.0677
-1.4300	2.0675
-1.4250	2.0677
-1.4200	2.0681
-1.4150	2.0684
-1.4100	2.0685
-1.4050	2.0683
-1.4000	2.0680
-1.3950	2.0678
-1.3900	2.0678
-1.3850	2.0679
-1.3800	2.0681
-1.3750	2.0681
-1.3700	2.0686
-1.3650	2.0691
-1.3600	2.0694
-1.3550	2.0695
-1.3500	2.0694
-1.3450	2.0693
-1.3400	2.0695
-1.3350	2.0698
-1.3300	2.0700
-1.3250	2.0701
-1.3200	2.0700
-1.3150	2.0699
-1.3100	2.0699
-1.3050	2.0702
-1.3000	2.0705
-1.2950	2.0708
-1.2900	2.0711
-1.2850	2.0711
-1.2800	2.0710
-1.2750	2.0709
-1.2700	2.0711
-1.2650	2.0716
-1.2600	2.0719
-1.2550	2.0719
-1.2500	2.0717
-1.2450	2.0714
-1.2400	2.0710
-1.2350	2.0710
-1.2300	2.0711
-1.2250	2.0711
-1.2200	2.0713
-1.2150	2.0713
-1.2100	2.0712
-1.2050	2.0709
-1.2000	2.0707
-1.1950	2.0707
-1.1900	2.0711
-1.1850	2.0717
-1.1800	2.0723
-1.1750	2.0723
-1.1700	2.0723
-1.1650	2.0723
-1.1600	2.0723
-1.1550	2.0725
-1.1500	2.0729
-1.1450	2.0730
-1.1400	2.0730
-1.1350	2.0731
-1.1300	2.0735
-1.1250	2.0739
-1.1200	2.0740
-1.1150	2.0736
-1.1100	2.0730
-1.1050	2.0724
-1.1000	2.0722
-1.0950	2.0723
-1.0900	2.0728
-1.0850	2.0733
-1.0800	2.0739
-1.0750	2.0744
-1.0700	2.0746
-1.0650	2.0743
-1.0600	2.0737
-1.0550	2.0732
-1.0500	2.0728
-1.0450	2.0727
-1.0400	2.0728
-1.0350	2.0727
-1.0300	2.0724
-1.0250	2.0723
-1.0200	2.0723
-1.0150	2.0723
-1.0100	2.0724
-1.0050	2.0727
-1.0000	2.0731
-0.9950	2.0733
-0.9900	2.0734
-0.9850	2.0734
-0.9800	2.0733
-0.9750	2.0734
-0.9700	2.0737
-0.9650	2.0739
-0.9600	2.0740
-0.9550	2.0739
-0.9500	2.0737
-0.9450	2.0736
-0.9400	2.0735
-0.9350	2.0736
-0.9300	2.0734
-0.9250	2.0736
-0.9200	2.0742
-0.9150	2.0752
-0.9100	2.0758
-0.9050	2.0759
-0.9000	2.0757
-0.8950	2.0755
-0.8900	2.0754
-0.8850	2.0757
-0.8800	2.0762
-0.8750	2.0767
-0.8700	2.0769
-0.8650	2.0766
-0.8600	2.0762
-0.8550	2.0758
-0.8500	2.0756
-0.8450	2.0755
-0.8400	2.0752
-0.8350	2.0752
-0.8300	2.0754
-0.8250	2.0760
-0.8200	2.0767
-0.8150	2.0772
-0.8100	2.0773
-0.8050	2.0772
-0.8000	2.0769
-0.7950	2.0762
-0.7900	2.0756
-0.7850	2.0753
-0.7800	2.0753
-0.7750	2.0754
-0.7700	2.0754
-0.7650	2.0754
-0.7600	2.0757
-0.7550	2.0762
-0.7500	2.0766
-0.7450	2.0767
-0.7400	2.0762
-0.7350	2.0759
-0.7300	2.0760
-0.7250	2.0766
-0.7200	2.0778
-0.7150	2.0786
-0.7100	2.0786
-0.7050	2.0780
-0.7000	2.0773
-0.6950	2.0769
-0.6900	2.0767
-0.6850	2.0766
-0.6800	2.0765
-0.6750	2.0764
-0.6700	2.0767
-0.6650	2.0773
-0.6600	2.0782
-0.6550	2.0789
-0.6500	2.0794
-0.6450	2.0794
-0.6400	2.0793
-0.6350	2.0791
-0.6300	2.0785
-0.6250	2.0778
-0.6200	2.0773
-0.6150	2.0773
-0.6100	2.0774
-0.6050	2.0776
-0.6000	2.0778
-0.5950	2.0783
-0.5900	2.0788
-0.5850	2.0794
-0.5800	2.0797
-0.5750	2.0797
-0.5700	2.0793
-0.5650	2.0788
-0.5600	2.0784
-0.5550	2.0786
-0.5500	2.0788
-0.5450	2.0791
-0.5400	2.0791
-0.5350	2.0792
-0.5300	2.0791
-0.5250	2.0790
-0.5200	2.0790
-0.5150	2.0792
-0.5100	2.0794
-0.5050	2.0798
-0.5000	2.0803
-0.4950	2.0805
-0.4900	2.0802
-0.4850	2.0795
-0.4800	2.0788
-0.4750	2.0787
-0.4700	2.0792
-0.4650	2.0799
-0.4600	2.0810
-0.4550	2.0817
-0.4500	2.0819
-0.4450	2.0819
-0.4400	2.0817
-0.4350	2.0813
-0.4300	2.0811
-0.4250	2.0811
-0.4200	2.0811
-0.4150	2.0813
-0.4100	2.0817
-0.4050	2.0821
-0.4000	2.0824
-0.3950	2.0824
-0.3900	2.0821
-0.3850	2.0819
-0.3800	2.0818
-0.3750	2.0818
-0.3700	2.0818
-0.3650	2.0820
-0.3600	2.0823
-0.3550	2.0824
-0.3500	2.0825
-0.3450	2.0827
-0.3400	2.0830
-0.3350	2.0835
-0.3300	2.0838
-0.3250	2.0842
-0.3200	2.0846
-0.3150	2.0850
-0.3100	2.0850
-0.3050	2.0846
-0.3000	2.0840
-0.2950	2.0831
-0.2900	2.0824
-0.2850	2.0822
-0.2800	2.0823
-0.2750	2.0825
-0.2700	2.0825
-0.2650	2.0825
-0.2600	2.0824
-0.2550	2.0822
-0.2500	2.0826
-0.2450	2.0834
-0.2400	2.0841
-0.2350	2.0843
-0.2300	2.0844
-0.2250	2.0843
-0.2200	2.0840
-0.2150	2.0837
-0.2100	2.0834
-0.2050	2.0831
-0.2000	2.0828
-0.1950	2.0828
-0.1900	2.0830
-0.1850	2.0832
-0.1800	2.0833
-0.1750	2.0832
-0.1700	2.0832
-0.1650	2.0835
-0.1600	2.0838
-0.1550	2.0842
-0.1500	2.0845
-0.1450	2.0845
-0.1400	2.0879
-0.1350	2.0925
-0.1300	2.0928
-0.1250	2.0932
-0.1200	2.0936
-0.1150	2.0938
-0.1100	2.0939
-0.1050	2.0938
-0.1000	2.0934
-0.0950	2.0924
-0.0900	2.0914
-0.0850	2.0910
-0.0800	2.0907
-0.0750	2.0904
-0.0700	2.0903
-0.0650	2.0908
-0.0600	2.0912
-0.0550	2.0915
-0.0500	2.0924
-0.0450	2.0946
-0.0400	2.0977
-0.0350	2.0988
-0.0300	2.0993
-0.0250	2.0996
-0.0200	2.1000
-0.0150	2.1007
-0.0100	2.1015
-0.0050	2.1025
0.0000	2.1032
0.0050	2.1034
0.0100	2.1029
0.0150	2.1021
0.0200	2.1013
0.0250	2.0990
0.0300	2.0965
0.0350	2.0947
0.0400	2.0949
0.0450	2.0964
0.0500	2.0982
0.0550	2.0998
0.0600	2.1009
0.0650	2.1015
0.0700	2.1015
0.0750	2.1014
0.0800	2.1013
0.0850	2.1012
0.0900	2.1007
0.0950	2.0997
0.1000	2.0985
0.1050	2.0979
0.1100	2.0983
0.1150	2.0999
0.1200	2.1019
0.1250	2.1037
0.1300	2.1043
0.1350	2.1048
0.1400	2.1051
0.1450	2.1054
0.1500	2.1058
0.1550	2.1059
0.1600	2.1052
0.1650	2.1035
0.1700	2.1012
0.1750	2.0993
0.1800	2.0976
0.1850	2.0966
0.1900	2.0966
0.1950	2.0970
0.2000	2.0976
0.2050	2.0980
0.2100	2.0982
0.2150	2.0980
0.2200	2.0976
0.2250	2.0974
0.2300	2.0975
0.2350	2.0977
0.2400	2.0978
0.2450	2.0980
0.2500	2.0984
0.2550	2.0986
0.2600	2.0985
0.2650	2.0979
0.2700	2.0980
0.2750	2.0976
0.2800	2.0966
0.2850	2.0964
0.2900	2.0960
0.2950	2.0955
0.3000	2.0951
0.3050	2.0950
0.3100	2.0953
0.3150	2.0966
0.3200	2.0977
0.3250	2.0980
0.3300	2.0976
0.3350	2.0969
0.3400	2.0966
0.3450	2.0964
0.3500	2.0963
0.3550	2.0963
0.3600	2.0963
0.3650	2.0990
0.3700	2.1045
0.3750	2.1045
0.3800	2.1040
0.3850	2.1032
0.3900	2.1027
0.3950	2.1026
0.4000	2.1028
0.4050	2.1025
0.4100	2.1019
0.4150	2.1010
0.4200	2.1000
0.4250	2.0992
0.4300	2.0992
0.4350	2.1009
0.4400	2.1026
0.4450	2.1039
0.4500	2.1042
0.4550	2.1041
0.4600	2.1038
0.4650	2.1034
0.4700	2.1029
0.4750	2.1028
0.4800	2.1031
0.4850	2.1031
0.4900	2.1028
0.4950	2.1023
0.5000	2.1026
0.5050	2.1033
0.5100	2.1039
0.5150	2.1041
0.5200	2.1038
0.5250	2.1033
0.5300	2.1021
0.5350	2.1010
0.5400	2.1003
0.5450	2.1008
0.5500	2.1025
0.5550	2.1047
0.5600	2.1061
0.5650	2.1059
0.5700	2.1044
0.5750	2.1016
0.5800	2.0990
0.5850	2.0976
0.5900	2.0972
0.5950	2.0976
0.6000	2.0983
0.6050	2.0993
0.6100	2.1002
0.6150	2.1008
0.6200	2.1006
0.6250	2.0999
0.6300	2.0989
0.6350	2.0978
0.6400	2.0971
0.6450	2.0971
0.6500	2.0981
0.6550	2.0997
0.6600	2.1016
0.6650	2.1029
0.6700	2.1037
0.6750	2.1038
0.6800	2.1037
0.6850	2.1034
0.6900	2.1029
0.6950	2.1025
0.7000	2.1021
0.7050	2.1022
0.7100	2.1034
0.7150	2.1052
0.7200	2.1072
0.7250	2.1088
0.7300	2.1093
0.7350	2.1090
0.7400	2.1081
0.7450	2.1069
0.7500	2.1059
0.7550	2.1055
0.7600	2.1056
0.7650	2.1058
0.7700	2.1059
0.7750	2.1054
0.7800	2.1047
0.7850	2.1040
0.7900	2.1036
0.7950	2.1038
0.8000	2.1044
0.8050	2.1062
0.8100	2.1080
0.8150	2.1093
0.8200	2.1099
0.8250	2.1099
0.8300	2.1093
0.8350	2.1084
0.8400	2.1075
0.8450	2.1068
0.8500	2.1064
0.8550	2.1055
0.8600	2.1041
0.8650	2.1024
0.8700	2.1012
0.8750	2.1009
0.8800	2.1016
0.8850	2.1026
0.8900	2.1037
0.8950	2.1044
0.9000	2.1052
0.9050	2.1060
0.9100	2.1067
0.9150	2.1075
0.9200	2.1080
0.9250	2.1079
0.9300	2.1069
0.9350	2.1050
0.9400	2.1026
0.9450	2.1006
0.9500	2.0996
0.9550	2.0997
0.9600	2.1000
0.9650	2.1005
0.9700	2.1012
0.9750	2.1024
0.9800	2.1037
0.9850	2.1046
0.9900	2.1056
0.9950	2.1061
1.0000	2.1063
1.0050	2.1059
1.0100	2.1055
1.0150	2.1055
1.0200	2.1064
1.0250	2.1077
1.0300	2.1090
1.0350	2.1100
1.0400	2.1103
1.0450	2.1098
1.0500	2.1094
1.0550	2.1089
1.0600	2.1085
1.0650	2.1083
1.0700	2.1082
1.0750	2.1083
1.0800	2.1084
1.0850	2.1082
1.0900	2.1075
1.0950	2.1062
1.1000	2.1041
1.1050	2.1021
1.1100	2.1021
1.1150	2.1028
1.1200	2.1038
1.1250	2.1047
1.1300	2.1053
1.1350	2.1056
1.1400	2.1056
1.1450	2.1059
1.1500	2.1065
1.1550	2.1070
1.1600	2.1075
1.1650	2.1081
1.1700	2.1086
1.1750	2.1090
1.1800	2.1090
1.1850	2.1085
1.1900	2.1074
1.1950	2.1070
1.2000	2.1072
1.2050	2.1076
1.2100	2.1081
1.2150	2.1085
1.2200	2.1092
1.2250	2.1094
1.2300	2.1090
1.2350	2.1087
1.2400	2.1087
1.2450	2.1093
1.2500	2.1100
1.2550	2.1110
1.2600	2.1120
1.2650	2.1124
1.2700	2.1129
1.2750	2.1134
1.2800	2.1137
1.2850	2.1139
1.2900	2.1140
1.2950	2.1141
1.3000	2.1146
1.3050	2.1154
1.3100	2.1161
1.3150	2.1163
1.3200	2.1157
1.3250	2.1145
1.3300	2.1127
1.3350	2.1110
1.3400	2.1100
1.3450	2.1089
1.3500	2.1084
1.3550	2.1087
1.3600	2.1105
1.3650	2.1126
1.3700	2.1141
1.3750	2.1153
1.3800	2.1164
1.3850	2.1173
1.3900	2.1174
1.3950	2.1174
1.4000	2.1169
1.4050	2.1157
1.4100	2.1141
1.4150	2.1125
1.4200	2.1121
1.4250	2.1133
1.4300	2.1153
1.4350	2.1155
1.4400	2.1157
1.4450	2.1157
1.4500	2.1159
1.4550	2.1158
1.4600	2.1155
1.4650	2.1153
1.4700	2.1154
1.4750	2.1159
1.4800	2.1164
1.4850	2.1163
1.4900	2.1165
1.4950	2.1171
1.5000	2.1183
1.5050	2.1193
1.5100	2.1197
1.5150	2.1198
1.5200	2.1197
1.5250	2.1194
1.5300	2.1193
1.5350	2.1193
1.5400	2.1192
1.5450	2.1191
1.5500	2.1191
1.5550	2.1191
1.5600	2.1190
1.5650	2.1189
1.5700	2.1188
1.5750	2.1183
1.5800	2.1173
1.5850	2.1158
1.5900	2.1145
1.5950	2.1133
1.6000	2.1126
1.6050	2.1122
1.6100	2.1122
1.6150	2.1124
1.6200	2.1131
1.6250	2.1142
1.6300	2.1154
1.6350	2.1160
1.6400	2.1157
1.6450	2.1152
1.6500	2.1149
1.6550	2.1157
1.6600	2.1167
1.6650	2.1176
1.6700	2.1182
1.6750	2.1184
1.6800	2.1184
1.6850	2.1190
1.6900	2.1192
1.6950	2.1188
1.7000	2.1179
1.7050	2.1172
1.7100	2.1170
1.7150	2.1173
1.7200	2.1180
1.7250	2.1191
1.7300	2.1203
1.7350	2.1213
1.7400	2.1215
1.7450	2.1210
1.7500	2.1206
1.7550	2.1208
1.7600	2.1223
1.7650	2.1228
1.7700	2.1229
1.7750	2.1231
1.7800	2.1201
1.7850	2.1175
1.7900	2.1170
1.7950	2.1174
1.8000	2.1186
1.8050	2.1200
1.8100	2.1216
1.8150	2.1228
1.8200	2.1233
1.8250	2.1233
1.8300	2.1233
1.8350	2.1232
1.8400	2.1228
1.8450	2.1215
1.8500	2.1199
1.8550	2.1196
1.8600	2.1199
1.8650	2.1206
1.8700	2.1210
1.8750	2.1210
1.8800	2.1205
1.8850	2.1203
1.8900	2.1200
1.8950	2.1194
1.9000	2.1188
1.9050	2.1184
1.9100	2.1187
1.9150	2.1193
1.9200	2.1202
1.9250	2.1210
1.9300	2.1216
1.9350	2.1219
1.9400	2.1221
1.9450	2.1221
1.9500	2.1218
1.9550	2.1210
1.9600	2.1199
1.9650	2.1191
1.9700	2.1189
1.9750	2.1196
1.9800	2.1208
1.9850	2.1220
1.9900	2.1229
1.9950	2.1232
2.0000	2.1241
2.0050	2.1255
2.0100	2.1270
2.0150	2.1282
2.0200	2.1284
2.0250	2.1278
2.0300	2.1276
2.0350	2.1273
2.0400	2.1269
2.0450	2.1259
2.0500	2.1246
2.0550	2.1232
2.0600	2.1224
2.0650	2.1220
2.0700	2.1217
2.0750	2.1215
2.0800	2.1213
2.0850	2.1211
2.0900	2.1207
2.0950	2.1202
2.1000	2.1194
2.1050	2.1188
2.1100	2.1188
2.1150	2.1196
2.1200	2.1207
2.1250	2.1215
2.1300	2.1221
2.1350	2.1225
2.1400	2.1237
2.1450	2.1249
2.1500	2.1254
2.1550	2.1257
2.1600	2.1256
2.1650	2.1252
2.1700	2.1254
2.1750	2.1253
2.1800	2.1248
2.1850	2.1241
2.1900	2.1233
2.1950	2.1228
2.2000	2.1226
2.2050	2.1227
2.2100	2.1228
2.2150	2.1228
2.2200	2.1227
2.2250	2.1225
2.2300	2.1224
2.2350	2.1228
2.2400	2.1238
2.2450	2.1246
2.2500	2.1254
2.2550	2.1254
2.2600	2.1247
2.2650	2.1239
2.2700	2.1235
2.2750	2.1238
2.2800	2.1258
2.2850	2.1270
2.2900	2.1264
2.2950	2.1273
2.3000	2.1288
2.3050	2.1302
2.3100	2.1306
2.3150	2.1308
2.3200	2.1306
2.3250	2.1302
2.3300	2.1291
2.3350	2.1275
2.3400	2.1262
2.3450	2.1255
2.3500	2.1256
2.3550	2.1261
2.3600	2.1267
2.3650	2.1271
2.3700	2.1271
2.3750	2.1275
2.3800	2.1281
2.3850	2.1284
2.3900	2.1284
2.3950	2.1280
2.4000	2.1274
2.4050	2.1267
2.4100	2.1261
2.4150	2.1257
2.4200	2.1252
2.4250	2.1251
2.4300	2.1256
2.4350	2.1262
2.4400	2.1269
2.4450	2.1276
2.4500	2.1280
2.4550	2.1280
2.4600	2.1280
2.4650	2.1280
2.4700	2.1284
2.4750	2.1287
2.4800	2.1287
2.4850	2.1288
2.4900	2.1292
2.4950	2.1298
2.5000	2.1304
2.5050	2.1306
2.5100	2.1303
2.5150	2.1300
2.5200	2.1301
2.5250	2.1306
2.5300	2.1309
2.5350	2.1311
2.5400	2.1312
2.5450	2.1314
2.5500	2.1321
2.5550	2.1330
2.5600	2.1335
2.5650	2.1329
2.5700	2.1317
2.5750	2.1303
2.5800	2.1294
2.5850	2.1291
2.5900	2.1292
2.5950	2.1305
2.6000	2.1315
2.6050	2.1315
2.6100	2.1315
2.6150	2.1312
2.6200	2.1307
2.6250	2.1301
2.6300	2.1294
2.6350	2.1288
2.6400	2.1284
2.6450	2.1284
2.6500	2.1287
2.6550	2.1294
2.6600	2.1302
2.6650	2.1308
2.6700	2.1311
2.6750	2.1315
2.6800	2.1318
2.6850	2.1320
2.6900	2.1317
2.6950	2.1309
2.7000	2.1298
2.7050	2.1288
2.7100	2.1282
2.7150	2.1280
2.7200	2.1285
2.7250	2.1296
2.7300	2.1310
2.7350	2.1319
2.7400	2.1329
2.7450	2.1334
2.7500	2.1331
2.7550	2.1325
2.7600	2.1318
2.7650	2.1314
2.7700	2.1312
2.7750	2.1319
2.7800	2.1335
2.7850	2.1361
2.7900	2.1365
2.7950	2.1356
2.8000	2.1343
2.8050	2.1334
2.8100	2.1329
2.8150	2.1328
2.8200	2.1323
2.8250	2.1316
2.8300	2.1313
2.8350	2.1309
2.8400	2.1305
2.8450	2.1301
2.8500	2.1294
2.8550	2.1286
2.8600	2.1283
2.8650	2.1286
2.8700	2.1294
2.8750	2.1303
2.8800	2.1314
2.8850	2.1324
2.8900	2.1329
2.8950	2.1329
2.9000	2.1328
2.9050	2.1328
2.9100	2.1331
2.9150	2.1338
2.9200	2.1348
2.9250	2.1356
2.9300	2.1361
2.9350	2.1363
2.9400	2.1364
2.9450	2.1366
2.9500	2.1365
2.9550	2.1363
2.9600	2.1365
2.9650	2.1376
2.9700	2.1398
2.9750	2.1410
2.9800	2.1416
2.9850	2.1412
2.9900	2.1406
2.9950	2.1400
3.0000	2.1393
3.0050	2.1379
3.0100	2.1362
3.0150	2.1347
3.0200	2.1338
3.0250	2.1330
3.0300	2.1327
3.0350	2.1327
3.0400	2.1329
3.0450	2.1333
3.0500	2.1334
3.0550	2.1334
3.0600	2.1336
3.0650	2.1339
3.0700	2.1343
3.0750	2.1351
3.0800	2.1361
3.0850	2.1369
3.0900	2.1374
3.0950	2.1373
3.1000	2.1368
3.1050	2.1359
3.1100	2.1351
3.1150	2.1348
3.1200	2.1352
3.1250	2.1358
3.1300	2.1358
3.1350	2.1354
3.1400	2.1351
3.1450	2.1351
3.1500	2.1361
3.1550	2.1375
3.1600	2.1389
3.1650	2.1392
3.1700	2.1402
3.1750	2.1412
3.1800	2.1412
3.1850	2.1413
3.1900	2.1414
3.1950	2.1413
3.2000	2.1410
3.2050	2.1411
3.2100	2.1416
3.2150	2.1432
3.2200	2.1450
3.2250	2.1465
3.2300	2.1469
3.2350	2.1473
3.2400	2.1473
3.2450	2.1471
3.2500	2.1451
3.2550	2.1429
3.2600	2.1414
3.2650	2.1396
3.2700	2.1380
3.2750	2.1371
3.2800	2.1366
3.2850	2.1368
3.2900	2.1377
3.2950	2.1390
3.3000	2.1398
3.3050	2.1398
3.3100	2.1396
3.3150	2.1393
3.3200	2.1391
3.3250	2.1388
3.3300	2.1387
3.3350	2.1391
3.3400	2.1397
3.3450	2.1410
3.3500	2.1421
3.3550	2.1426
3.3600	2.1426
3.3650	2.1423
3.3700	2.1421
3.3750	2.1418
3.3800	2.1419
3.3850	2.1424
3.3900	2.1429
3.3950	2.1435
3.4000	2.1440
3.4050	2.1442
3.4100	2.1443
3.4150	2.1446
3.4200	2.1451
3.4250	2.1455
3.4300	2.1453
3.4350	2.1448
3.4400	2.1436
3.4450	2.1425
3.4500	2.1417
3.4550	2.1406
3.4600	2.1399
3.4650	2.1399
3.4700	2.1416
3.4750	2.1434
3.4800	2.1446
3.4850	2.1447
3.4900	2.1446
3.4950	2.1440
3.5000	2.1433
3.5050	2.1423
3.5100	2.1414
3.5150	2.1408
3.5200	2.1405
3.5250	2.1406
3.5300	2.1409
3.5350	2.1413
3.5400	2.1419
3.5450	2.1427
3.5500	2.1433
3.5550	2.1436
3.5600	2.1433
3.5650	2.1426
3.5700	2.1420
3.5750	2.1420
3.5800	2.1431
3.5850	2.1442
3.5900	2.1447
3.5950	2.1446
3.6000	2.1442
3.6050	2.1439
3.6100	2.1439
3.6150	2.1442
3.6200	2.1449
3.6250	2.1458
3.6300	2.1465
3.6350	2.1470
3.6400	2.1470
3.6450	2.1470
3.6500	2.1474
3.6550	2.1479
3.6600	2.1482
3.6650	2.1480
3.6700	2.1476
3.6750	2.1474
3.6800	2.1474
3.6850	2.1469
3.6900	2.1461
3.6950	2.1453
3.7000	2.1448
3.7050	2.1448
3.7100	2.1453
3.7150	2.1459
3.7200	2.1464
3.7250	2.1464
3.7300	2.1463
3.7350	2.1462
3.7400	2.1462
3.7450	2.1468
3.7500	2.1474
3.7550	2.1476
3.7600	2.1471
3.7650	2.1466
3.7700	2.1462
3.7750	2.1458
3.7800	2.1457
3.7850	2.1459
3.7900	2.1465
3.7950	2.1474
3.8000	2.1481
3.8050	2.1484
3.8100	2.1487
3.8150	2.1487
3.8200	2.1484
3.8250	2.1480
3.8300	2.1473
3.8350	2.1466
3.8400	2.1466
3.8450	2.1468
3.8500	2.1474
3.8550	2.1478
3.8600	2.1481
3.8650	2.1484
3.8700	2.1487
3.8750	2.1502
3.8800	2.1514
3.8850	2.1522
3.8900	2.1521
3.8950	2.1518
3.9000	2.1512
3.9050	2.1501
3.9100	2.1486
3.9150	2.1471
3.9200	2.1461
3.9250	2.1450
3.9300	2.1441
3.9350	2.1438
3.9400	2.1436
3.9450	2.1439
3.9500	2.1446
3.9550	2.1461
3.9600	2.1483
3.9650	2.1511
3.9700	2.1530
3.9750	2.1541
3.9800	2.1547
3.9850	2.1548
3.9900	2.1551
3.9950	2.1552
4.0000	2.1550
4.0050	2.1542
4.0100	2.1532
4.0150	2.1524
4.0200	2.1521
4.0250	2.1517
4.0300	2.1515
4.0350	2.1514
4.0400	2.1511
4.0450	2.1508
4.0500	2.1505
4.0550	2.1500
4.0600	2.1495
4.0650	2.1492
4.0700	2.1489
4.0750	2.1486
4.0800	2.1485
4.0850	2.1489
4.0900	2.1493
4.0950	2.1496
4.1000	2.1499
4.1050	2.1507
4.1100	2.1516
4.1150	2.1522
4.1200	2.1528
4.1250	2.1529
4.1300	2.1529
4.1350	2.1521
4.1400	2.1509
4.1450	2.1499
4.1500	2.1490
4.1550	2.1488
4.1600	2.1492
4.1650	2.1497
4.1700	2.1501
4.1750	2.1501
4.1800	2.1497
4.1850	2.1491
4.1900	2.1487
4.1950	2.1489
4.2000	2.1493
4.2050	2.1497
4.2100	2.1498
4.2150	2.1498
4.2200	2.1498
4.2250	2.1500
4.2300	2.1500
4.2350	2.1496
4.2400	2.1488
4.2450	2.1484
4.2500	2.1486
4.2550	2.1496
4.2600	2.1516
4.2650	2.1528
4.2700	2.1529
4.2750	2.1522
4.2800	2.1521
4.2850	2.1522
4.2900	2.1523
4.2950	2.1517
4.3000	2.1510
4.3050	2.1504
4.3100	2.1505
4.3150	2.1510
4.3200	2.1518
4.3250	2.1521
4.3300	2.1521
4.3350	2.1517
4.3400	2.1512
4.3450	2.1507
4.3500	2.1507
4.3550	2.1511
4.3600	2.1517
4.3650	2.1524
4.3700	2.1530
4.3750	2.1535
4.3800	2.1543
4.3850	2.1549
4.3900	2.1550
4.3950	2.1546
4.4000	2.1539
4.4050	2.1532
4.4100	2.1525
4.4150	2.1524
4.4200	2.1530
4.4250	2.1543
4.4300	2.1557
4.4350	2.1568
4.4400	2.1573
4.4450	2.1578
4.4500	2.1579
4.4550	2.1577
4.4600	2.1572
4.4650	2.1567
4.4700	2.1564
4.4750	2.1564
4.4800	2.1564
4.4850	2.1564
4.4900	2.1563
4.4950	2.1564
4.5000	2.1566
4.5050	2.1571
4.5100	2.1571
4.5150	2.1569
4.5200	2.1564
4.5250	2.1559
4.5300	2.1558
4.5350	2.1561
4.5400	2.1566
4.5450	2.1566
4.5500	2.1562
4.5550	2.1554
4.5600	2.1543
4.5650	2.1536
4.5700	2.1536
4.5750	2.1539
4.5800	2.1541
4.5850	2.1537
4.5900	2.1528
4.5950	2.1521
4.6000	2.1519
4.6050	2.1524
4.6100	2.1531
4.6150	2.1534
4.6200	2.1531
4.6250	2.1525
4.6300	2.1521
4.6350	2.1521
4.6400	2.1528
4.6450	2.1535
4.6500	2.1540
4.6550	2.1539
4.6600	2.1536
4.6650	2.1532
4.6700	2.1529
4.6750	2.1531
4.6800	2.1539
4.6850	2.1547
4.6900	2.1563
4.6950	2.1580
4.7000	2.1599
4.7050	2.1615
4.7100	2.1625
4.7150	2.1627
4.7200	2.1624
4.7250	2.1615
4.7300	2.1603
4.7350	2.1593
4.7400	2.1580
4.7450	2.1569
4.7500	2.1561
4.7550	2.1554
4.7600	2.1547
4.7650	2.1542
4.7700	2.1538
4.7750	2.1541
4.7800	2.1549
4.7850	2.1556
4.7900	2.1563
4.7950	2.1569
4.8000	2.1575
4.8050	2.1577
4.8100	2.1576
4.8150	2.1576
4.8200	2.1579
4.8250	2.1589
4.8300	2.1603
4.8350	2.1614
4.8400	2.1635
4.8450	2.1651
4.8500	2.1662
4.8550	2.1665
4.8600	2.1666
4.8650	2.1666
4.8700	2.1666
4.8750	2.1664
4.8800	2.1660
4.8850	2.1652
4.8900	2.1640
4.8950	2.1625
4.9000	2.1612
4.9050	2.1606
4.9100	2.1602
4.9150	2.1599
4.9200	2.1597
4.9250	2.1595
4.9300	2.1595
4.9350	2.1597
4.9400	2.1599
4.9450	2.1603
4.9500	2.1608
4.9550	2.1617
4.9600	2.1627
4.9650	2.1638
4.9700	2.1649
4.9750	2.1660
4.9800	2.1668
4.9850	2.1673
4.9900	2.1670
4.9950	2.1667
5.0000	2.1668
5.0050	2.1670
5.0100	2.1671
5.0150	2.1672
5.0200	2.1674
5.0250	2.1679
5.0300	2.1676
5.0350	2.1662
5.0400	2.1646
5.0450	2.1636
5.0500	2.1635
5.0550	2.1636
5.0600	2.1639
5.0650	2.1644
5.0700	2.1645
5.0750	2.1642
5.0800	2.1637
5.0850	2.1635
5.0900	2.1635
5.0950	2.1635
5.1000	2.1633
5.1050	2.1624
5.1100	2.1615
5.1150	2.1608
5.1200	2.1605
5.1250	2.1606
5.1300	2.1611
5.1350	2.1617
5.1400	2.1621
5.1450	2.1621
5.1500	2.1619
5.1550	2.1619
5.1600	2.1620
5.1650	2.1620
5.1700	2.1621
5.1750	2.1625
5.1800	2.1633
5.1850	2.1642
5.1900	2.1646
5.1950	2.1642
5.2000	2.1632
5.2050	2.1619
5.2100	2.1606
5.2150	2.1602
5.2200	2.1601
5.2250	2.1605
5.2300	2.1609
5.2350	2.1617
5.2400	2.1626
5.2450	2.1637
5.2500	2.1653
5.2550	2.1678
5.2600	2.1698
5.2650	2.1704
5.2700	2.1696
5.2750	2.1681
5.2800	2.1666
5.2850	2.1657
5.2900	2.1647
5.2950	2.1638
5.3000	2.1632
5.3050	2.1629
5.3100	2.1628
5.3150	2.1630
5.3200	2.1633
5.3250	2.1638
5.3300	2.1641
5.3350	2.1648
5.3400	2.1655
5.3450	2.1661
5.3500	2.1662
5.3550	2.1669
5.3600	2.1682
5.3650	2.1693
5.3700	2.1706
5.3750	2.1714
5.3800	2.1717
5.3850	2.1717
5.3900	2.1711
5.3950	2.1705
5.4000	2.1701
5.4050	2.1704
5.4100	2.1709
5.4150	2.1715
5.4200	2.1720
5.4250	2.1724
5.4300	2.1728
5.4350	2.1730
5.4400	2.1711
5.4450	2.1692
5.4500	2.1689
5.4550	2.1693
5.4600	2.1694
5.4650	2.1685
5.4700	2.1677
5.4750	2.1671
5.4800	2.1670
5.4850	2.1677
5.4900	2.1686
5.4950	2.1694
5.5000	2.1697
5.5050	2.1699
5.5100	2.1697
5.5150	2.1692
5.5200	2.1684
5.5250	2.1675
5.5300	2.1668
5.5350	2.1664
5.5400	2.1662
5.5450	2.1663
5.5500	2.1660
5.5550	2.1654
5.5600	2.1645
5.5650	2.1637
5.5700	2.1631
5.5750	2.1630
5.5800	2.1636
5.5850	2.1644
5.5900	2.1641
5.5950	2.1628
5.6000	2.1627
5.6050	2.1630
5.6100	2.1629
5.6150	2.1663
5.6200	2.1686
5.6250	2.1693
5.6300	2.1697
5.6350	2.1703
5.6400	2.1704
5.6450	2.1705
5.6500	2.1706
5.6550	2.1708
5.6600	2.1707
5.6650	2.1706
5.6700	2.1700
5.6750	2.1694
5.6800	2.1691
5.6850	2.1685
5.6900	2.1680
5.6950	2.1676
5.7000	2.1676
5.7050	2.1680
5.7100	2.1685
5.7150	2.1690
5.7200	2.1695
5.7250	2.1695
5.7300	2.1691
5.7350	2.1681
5.7400	2.1675
5.7450	2.1677
5.7500	2.1683
5.7550	2.1686
5.7600	2.1684
5.7650	2.1678
5.7700	2.1668
5.7750	2.1661
5.7800	2.1665
5.7850	2.1678
5.7900	2.1692
5.7950	2.1698
5.8000	2.1703
5.8050	2.1707
5.8100	2.1710
5.8150	2.1714
5.8200	2.1721
5.8250	2.1728
5.8300	2.1732
5.8350	2.1732
5.8400	2.1729
5.8450	2.1724
5.8500	2.1722
5.8550	2.1719
5.8600	2.1715
5.8650	2.1709
5.8700	2.1702
5.8750	2.1695
5.8800	2.1688
5.8850	2.1678
5.8900	2.1666
5.8950	2.1656
5.9000	2.1648
5.9050	2.1652
5.9100	2.1667
5.9150	2.1691
5.9200	2.1707
5.9250	2.1710
5.9300	2.1707
5.9350	2.1699
5.9400	2.1692
5.9450	2.1689
5.9500	2.1688
5.9550	2.1689
5.9600	2.1694
5.9650	2.1707
5.9700	2.1730
5.9750	2.1747
5.9800	2.1750
5.9850	2.1743
5.9900	2.1737
5.9950	2.1736
6.0000	2.1738
6.0050	2.1744
6.0100	2.1751
6.0150	2.1756
6.0200	2.1765
6.0250	2.1777
6.0300	2.1791
6.0350	2.1802
6.0400	2.1811
6.0450	2.1818
6.0500	2.1823
6.0550	2.1832
6.0600	2.1837
6.0650	2.1835
6.0700	2.1824
6.0750	2.1808
6.0800	2.1789
6.0850	2.1771
6.0900	2.1752
6.0950	2.1739
6.1000	2.1736
6.1050	2.1732
6.1100	2.1727
6.1150	2.1723
6.1200	2.1722
6.1250	2.1725
6.1300	2.1732
6.1350	2.1740
6.1400	2.1747
6.1450	2.1752
6.1500	2.1758
6.1550	2.1765
6.1600	2.1771
6.1650	2.1774
6.1700	2.1773
6.1750	2.1770
6.1800	2.1768
6.1850	2.1768
6.1900	2.1772
6.1950	2.1776
6.2000	2.1780
6.2050	2.1780
6.2100	2.1779
6.2150	2.1776
6.2200	2.1768
6.2250	2.1758
6.2300	2.1750
6.2350	2.1745
6.2400	2.1743
6.2450	2.1746
6.2500	2.1750
6.2550	2.1756
6.2600	2.1763
6.2650	2.1772
6.2700	2.1783
6.2750	2.1797
6.2800	2.1813
6.2850	2.1827
6.2900	2.1834
6.2950	2.1838
6.3000	2.1839
6.3050	2.1844
6.3100	2.1850
6.3150	2.1857
6.3200	2.1863
6.3250	2.1867
6.3300	2.1868
6.3350	2.1865
6.3400	2.1861
6.3450	2.1855
6.3500	2.1849
6.3550	2.1838
6.3600	2.1829
6.3650	2.1820
6.3700	2.1812
6.3750	2.1800
6.3800	2.1788
6.3850	2.1785
6.3900	2.1783
6.3950	2.1785
6.4000	2.1788
6.4050	2.1792
6.4100	2.1798
6.4150	2.1804
6.4200	2.1812
6.4250	2.1820
6.4300	2.1827
6.4350	2.1829
6.4400	2.1831
6.4450	2.1837
6.4500	2.1843
6.4550	2.1856
6.4600	2.1866
6.4650	2.1872
6.4700	2.1873
6.4750	2.1873
6.4800	2.1872
6.4850	2.1871
6.4900	2.1868
6.4950	2.1864
6.5000	2.1860
6.5050	2.1858
6.5100	2.1861
6.5150	2.1866
6.5200	2.1872
6.5250	2.1878
6.5300	2.1884
6.5350	2.1891
6.5400	2.1895
6.5450	2.1893
6.5500	2.1886
6.5550	2.1880
6.5600	2.1871
6.5650	2.1862
6.5700	2.1856
6.5750	2.1848
6.5800	2.1841
6.5850	2.1837
6.5900	2.1833
6.5950	2.1830
6.6000	2.1830
6.6050	2.1832
6.6100	2.1838
6.6150	2.1846
6.6200	2.1851
6.6250	2.1855
6.6300	2.1859
6.6350	2.1867
6.6400	2.1874
6.6450	2.1878
6.6500	2.1875
6.6550	2.1866
6.6600	2.1853
6.6650	2.1840
6.6700	2.1831
6.6750	2.1826
6.6800	2.1827
6.6850	2.1830
6.6900	2.1836
6.6950	2.1843
6.7000	2.1852
6.7050	2.1859
6.7100	2.1861
6.7150	2.1859
6.7200	2.1858
6.7250	2.1857
6.7300	2.1856
6.7350	2.1855
6.7400	2.1850
6.7450	2.1842
6.7500	2.1834
6.7550	2.1825
6.7600	2.1818
6.7650	2.1815
6.7700	2.1808
6.7750	2.1810
6.7800	2.1824
6.7850	2.1867
6.7900	2.1901
6.7950	2.1913
6.8000	2.1911
6.8050	2.1907
6.8100	2.1910
6.8150	2.1917
6.8200	2.1921
6.8250	2.1937
6.8300	2.1942
6.8350	2.1927
6.8400	2.1888
6.8450	2.1863
6.8500	2.1872
6.8550	2.1894
6.8600	2.1889
6.8650	2.1874
6.8700	2.1893
6.8750	2.1892
6.8800	2.1879
6.8850	2.1876
6.8900	2.1877
6.8950	2.1881
6.9000	2.1886
6.9050	2.1841
6.9100	2.1795
6.9150	2.1800
6.9200	2.1822
6.9250	2.1834
6.9300	2.1823
6.9350	2.1828
6.9400	2.1821
6.9450	2.1807
6.9500	2.1799
6.9550	2.1802
6.9600	2.1816
6.9650	2.1830
6.9700	2.1864
6.9750	2.1882
6.9800	2.1883
6.9850	2.1876
6.9900	-10000.0000
6.9950	-10000.0000
7.0000	-10000.0000
7.0050	-10000.0000
7.0100	-10000.0000
7.0150	-10000.0000
7.0200	-10000.0000
7.0250	-10000.0000
7.0300	-10000.0000
7.0350	-10000.0000
7.0400	-10000.0000
7.0450	-10000.0000
7.0500	-10000.0000
7.0550	-10000.0000
7.0600	-10000.0000
7.0650	-10000.0000
7.0700	-10000.0000
7.0750	-10000.0000
7.0800	-10000.0000
7.0850	-10000.0000
7.0900	-10000.0000
7.0950	-10000.0000
7.1000	-10000.0000
7.1050	-10000.0000
7.1100	-10000.0000
7.1150	-10000.0000
7.1200	-10000.0000
7.1250	-10000.0000
7.1300	-10000.0000
7.1350	-10000.0000
7.1400	-10000.0000
7.1450	-10000.0000
7.1500	-10000.0000
7.1550	-10000.0000
7.1600	-10000.0000
7.1650	-10000.0000
7.1700	-10000.0000
7.1750	-10000.0000
7.1800	-10000.0000
7.1850	-10000.0000
7.1900	-10000.0000
7.1950	-10000.0000
7.2000	-10000.0000
7.2050	-10000.0000
7.2100	-10000.0000
7.2150	-10000.0000
7.2200	-10000.0000
7.2250	-10000.0000
7.2300	-10000.0000
7.2350	-10000.0000
7.2400	-10000.0000
7.2450	-10000.0000
7.2500	-10000.0000
7.2550	-10000.0000
7.2600	-10000.0000
7.2650	-10000.0000
7.2700	-10000.0000
7.2750	-10000.0000
7.2800	-10000.0000
7.2850	-10000.0000
7.2900	-10000.0000
7.2950	-10000.0000
7.3000	-10000.0000
7.3050	-10000.0000
7.3100	-10000.0000
7.3150	-10000.0000
7.3200	-10000.0000
7.3250	-10000.0000
7.3300	-10000.0000
7.3350	-10000.0000
7.3400	-10000.0000
7.3450	-10000.0000
7.3500	-10000.0000
7.3550	-10000.0000
7.3600	-10000.0000
7.3650	-10000.0000
7.3700	-10000.0000
7.3750	-10000.0000
7.3800	-10000.0000
7.3850	-10000.0000
7.3900	-10000.0000
7.3950	-10000.0000
7.4000	-10000.0000
7.4050	-10000.0000
7.4100	-10000.0000
7.4150	-10000.0000
7.4200	-10000.0000
7.4250	-10000.0000
7.4300	-10000.0000
7.4350	-10000.0000
7.4400	-10000.0000
7.4450	-10000.0000
7.4500	-10000.0000
7.4550	-10000.0000
7.4600	-10000.0000
7.4650	-10000.0000
7.4700	-10000.0000
7.4750	-10000.0000
7.4800	-10000.0000
7.4850	-10000.0000
7.4900	-10000.0000
7.4950	-10000.0000
7.5000	-10000.0000
7.5050	-10000.0000
7.5100	-10000.0000
7.5150	-10000.0000
7.5200	-10000.0000
7.5250	-10000.0000
7.5300	-10000.0000
7.5350	-10000.0000
7.5400	-10000.0000
7.5450	-10000.0000
7.5500	-10000.0000
7.5550	-10000.0000
7.5600	-10000.0000
7.5650	-10000.0000
7.5700	-10000.0000
7.5750	-10000.0000
7.5800	-10000.0000
7.5850	-10000.0000
7.5900	-10000.0000
7.5950	-10000.0000
7.6000	-10000.0000
7.6050	-10000.0000
7.6100	-10000.0000
7.6150	-10000.0000
7.6200	-10000.0000
7.6250	-10000.0000
7.6300	-10000.0000
7.6350	-10000.0000
7.6400	-10000.0000
7.6450	-10000.0000
7.6500	-10000.0000
7.6550	-10000.0000
7.6600	-10000.0000
7.6650	-10000.0000
7.6700	-10000.0000
7.6750	-10000.0000
7.6800	-10000.0000
7.6850	-10000.0000
7.6900	-10000.0000
7.6950	-10000.0000
7.7000	-10000.0000
7.7050	-10000.0000
7.7100	-10000.0000
7.7150	-10000.0000
7.7200	-10000.0000
7.7250	-10000.0000
7.7300	-10000.0000
7.7350	-10000.0000
7.7400	-10000.0000
7.7450	-10000.0000
7.7500	-10000.0000
7.7550	-10000.0000
7.7600	-10000.0000
7.7650	-10000.0000
7.7700	-10000.0000
7.7750	-10000.0000
7.7800	-10000.0000
7.7850	-10000.0000
7.7900	-10000.0000
7.7950	-10000.0000
7.8000	-10000.0000
7.8050	-10000.0000
7.8100	-10000.0000
7.8150	-10000.0000
7.8200	-10000.0000
7.8250	-10000.0000
7.8300	-10000.0000
7.8350	-10000.0000
7.8400	-10000.0000
7.8450	-10000.0000
7.8500	-10000.0000
7.8550	-10000.0000
7.8600	-10000.0000
7.8650	-10000.0000
7.8700	-10000.0000
7.8750	-10000.0000
7.8800	-10000.0000
7.8850	-10000.0000
7.8900	-10000.0000
7.8950	-10000.0000
7.9000	-10000.0000
7.9050	-10000.0000
7.9100	-10000.0000
7.9150	-10000.0000
7.9200	-10000.0000
7.9250	-10000.0000
7.9300	-10000.0000
7.9350	-10000.0000
7.9400	-10000.0000
7.9450	-10000.0000
7.9500	-10000.0000
7.9550	-10000.0000
7.9600	-10000.0000
7.9650	-10000.0000
7.9700	-10000.0000
7.9750	-10000.0000
7.9800	-10000.0000
7.9850	-10000.0000
7.9900	-10000.0000
7.9950	-10000.0000
