-8.772000, 0.000000, 29.469500
-8.704000, 0.000000, 29.477900
-8.636000, 0.000000, 29.491900
-8.568000, 0.000000, 29.524100
-8.500000, 0.000000, 29.536700
-8.432000, 0.000000, 29.530400
-8.364000, 0.000000, 29.544400
-8.296000, 0.000000, 29.558400
-8.228000, 0.000000, 29.533900
-8.160000, 0.000000, 29.534600
-8.092000, 0.000000, 29.533900
-8.024000, 0.000000, 29.578000
-7.956000, 0.000000, 29.541600
-7.888000, 0.000000, 29.575900
-7.820000, 0.000000, 29.601100
-7.752000, 0.000000, 29.598300
-7.684000, 0.000000, 29.590600
-7.616000, 0.000000, 29.618600
-7.548000, 0.000000, 29.650800
-7.480000, 0.000000, 29.652900
-7.412000, 0.000000, 29.631900
-7.344000, 0.000000, 29.624200
-7.276000, 0.000000, 29.662000
-7.208000, 0.000000, 29.666900
-7.140000, 0.000000, 29.704000
-7.072000, 0.000000, 29.699800
-7.004000, 0.000000, 29.673900
-6.936000, 0.000000, 29.700500
-6.868000, 0.000000, 29.700500
-6.800000, 0.000000, 29.710300
-6.732000, 0.000000, 29.713800
-6.664000, 0.000000, 29.716600
-6.596000, 0.000000, 29.720100
-6.528000, 0.000000, 29.727100
-6.460000, 0.000000, 29.756500
-6.392000, 0.000000, 29.790100
-6.324000, 0.000000, 29.783100
-6.256000, 0.000000, 29.783100
-6.188000, 0.000000, 29.778900
-6.120000, 0.000000, 29.750900
-6.052000, 0.000000, 29.754400
-5.984000, 0.000000, 29.797800
-5.916000, 0.000000, 29.767700
-5.848000, 0.000000, 29.750900
-5.780000, 0.000000, 29.757900
-5.712000, 0.000000, 29.763500
-5.644000, 0.000000, 29.779600
-5.576000, 0.000000, 29.755800
-5.508000, 0.000000, 29.694200
-5.440000, 0.000000, 29.635400
-4.420000, 0.000000, 24.156500
-4.352000, 0.000000, 24.142500
-4.284000, 0.000000, 24.106800
-4.216000, 0.000000, 24.056400
-4.148000, 0.000000, 23.931100
-4.080000, 0.000000, 23.924800
-4.012000, 0.000000, 23.959100
-3.944000, 0.000000, 24.013700
-3.876000, 0.000000, 23.997600
-3.808000, 0.000000, 23.994100
-3.740000, 0.000000, 24.009500
-3.672000, 0.000000, 24.010900
-3.604000, 0.000000, 24.008800
-3.536000, 0.000000, 24.048700
-3.468000, 0.000000, 24.102600
-3.400000, 0.000000, 24.068300
-3.332000, 0.000000, 24.068300
-3.264000, 0.000000, 24.073200
-3.196000, 0.000000, 24.062000
-3.128000, 0.000000, 24.038200
-3.060000, 0.000000, 24.041700
-2.992000, 0.000000, 24.055000
-2.924000, 0.000000, 24.078100
-2.856000, 0.000000, 24.091400
-2.788000, 0.000000, 24.090700
-2.720000, 0.000000, 24.099800
-2.652000, 0.000000, 24.087200
-2.584000, 0.000000, 24.118000
-2.516000, 0.000000, 24.131300
-2.448000, 0.000000, 24.139000
-2.380000, 0.000000, 24.125700
-2.312000, 0.000000, 24.123600
-2.244000, 0.000000, 24.127800
-2.176000, 0.000000, 24.122900
-2.108000, 0.000000, 24.136900
-2.040000, 0.000000, 24.167700
-1.972000, 0.000000, 24.178900
-1.904000, 0.000000, 24.206900
-1.836000, 0.000000, 24.234200
-1.768000, 0.000000, 24.206200
-1.700000, 0.000000, 24.211800
-1.632000, 0.000000, 24.211800
-1.564000, 0.000000, 24.253100
-1.496000, 0.000000, 24.259400
-1.428000, 0.000000, 24.250300
-1.360000, 0.000000, 24.241900
-1.292000, 0.000000, 24.250300
-1.224000, 0.000000, 24.261500
-1.156000, 0.000000, 24.239100
-1.088000, 0.000000, 24.286000
-1.020000, 0.000000, 24.310500
-0.952000, 0.000000, 24.290200
-0.884000, 0.000000, 24.311900
-0.816000, 0.000000, 24.273400
-0.748000, 0.000000, 24.269900
-0.680000, 0.000000, 24.302100
-0.612000, 0.000000, 24.312600
-0.544000, 0.000000, 24.315400
-0.476000, 0.000000, 24.333600
-0.408000, 0.000000, 24.349000
-0.340000, 0.000000, 24.364400
-0.272000, 0.000000, 24.344100
-0.204000, 0.000000, 24.381900
-0.136000, 0.000000, 24.377700
-0.068000, 0.000000, 24.437900
0.000000, 0.000000, 24.403600
0.068000, 0.000000, 24.388900
0.136000, 0.000000, 24.398000
0.204000, 0.000000, 24.413400
0.272000, 0.000000, 24.421800
0.340000, 0.000000, 24.407100
0.408000, 0.000000, 24.394500
0.476000, 0.000000, 24.467300
0.544000, 0.000000, 24.477800
0.612000, 0.000000, 24.428800
0.680000, 0.000000, 24.434400
0.748000, 0.000000, 24.427400
0.816000, 0.000000, 24.462400
0.884000, 0.000000, 24.503000
0.952000, 0.000000, 24.512800
1.020000, 0.000000, 24.496000
1.088000, 0.000000, 24.493900
1.156000, 0.000000, 24.535200
1.224000, 0.000000, 24.552000
1.292000, 0.000000, 24.493200
1.360000, 0.000000, 24.477800
1.428000, 0.000000, 24.522600
1.496000, 0.000000, 24.568800
1.564000, 0.000000, 24.529600
1.632000, 0.000000, 24.580000
1.700000, 0.000000, 24.584200
1.768000, 0.000000, 24.558300
1.836000, 0.000000, 24.558300
1.904000, 0.000000, 24.559700
1.972000, 0.000000, 24.557600
2.040000, 0.000000, 24.601000
2.108000, 0.000000, 24.603800
2.176000, 0.000000, 24.601700
2.244000, 0.000000, 24.622000
2.312000, 0.000000, 24.628300
2.380000, 0.000000, 24.668900
2.448000, 0.000000, 24.676600
2.516000, 0.000000, 24.665400
2.584000, 0.000000, 24.653500
2.652000, 0.000000, 24.657700
2.720000, 0.000000, 24.683600
2.788000, 0.000000, 24.695500
2.856000, 0.000000, 24.694100
2.924000, 0.000000, 24.706000
2.992000, 0.000000, 24.725600
3.060000, 0.000000, 24.735400
3.128000, 0.000000, 24.767600
3.196000, 0.000000, 24.725600
3.264000, 0.000000, 24.744500
3.332000, 0.000000, 24.775300
3.400000, 0.000000, 24.769000
3.468000, 0.000000, 24.767600
3.536000, 0.000000, 24.778100
3.604000, 0.000000, 24.758500
3.672000, 0.000000, 24.776000
3.740000, 0.000000, 24.812400
3.808000, 0.000000, 24.756400
3.876000, 0.000000, 24.764800
3.944000, 0.000000, 24.832000
4.012000, 0.000000, 24.838300
4.080000, 0.000000, 24.814500
4.148000, 0.000000, 24.811000
4.216000, 0.000000, 24.827100
4.284000, 0.000000, 24.836900
4.352000, 0.000000, 24.843900
4.420000, 0.000000, 24.864200
4.488000, 0.000000, 24.874000
4.556000, 0.000000, 24.864200
4.624000, 0.000000, 24.886600
4.692000, 0.000000, 24.902000
4.760000, 0.000000, 24.916700
4.828000, 0.000000, 24.954500
4.896000, 0.000000, 24.985300
4.964000, 0.000000, 24.992300
5.032000, 0.000000, 24.976200
5.100000, 0.000000, 24.976900
5.168000, 0.000000, 25.010500
5.236000, 0.000000, 25.000700
5.304000, 0.000000, 25.015400
5.372000, 0.000000, 25.022400
5.440000, 0.000000, 25.042700
5.508000, 0.000000, 25.052500
5.576000, 0.000000, 25.034300
5.644000, 0.000000, 25.071400
5.712000, 0.000000, 25.091000
5.780000, 0.000000, 25.075600
5.848000, 0.000000, 25.060900
5.916000, 0.000000, 25.064400
5.984000, 0.000000, 25.076300
6.052000, 0.000000, 25.079100
6.120000, 0.000000, 25.048300
6.188000, 0.000000, 25.056000
6.256000, 0.000000, 25.065100
6.324000, 0.000000, 25.114100
6.392000, 0.000000, 25.123200
6.460000, 0.000000, 25.114800
6.528000, 0.000000, 25.130900
6.596000, 0.000000, 25.132300
6.664000, 0.000000, 25.116200
6.732000, 0.000000, 25.135100
6.800000, 0.000000, 25.173600
6.868000, 0.000000, 25.142800
6.936000, 0.000000, 25.107800
7.004000, 0.000000, 25.128800
7.072000, 0.000000, 25.117600
7.140000, 0.000000, 25.149100
7.208000, 0.000000, 25.168700
7.276000, 0.000000, 25.186900
7.344000, 0.000000, 25.181300
7.412000, 0.000000, 25.199500
7.480000, 0.000000, 25.214200
7.548000, 0.000000, 25.205100
7.616000, 0.000000, 25.247800
7.684000, 0.000000, 25.264600
7.752000, 0.000000, 25.251300
7.820000, 0.000000, 25.259700
7.888000, 0.000000, 25.242900
7.956000, 0.000000, 25.277900
8.024000, 0.000000, 25.289800
8.092000, 0.000000, 25.271600
8.160000, 0.000000, 25.258300
8.228000, 0.000000, 25.277900
8.296000, 0.000000, 25.294700
8.364000, 0.000000, 25.301700
8.432000, 0.000000, 25.331100
8.500000, 0.000000, 25.308000
8.568000, 0.000000, 25.331800
8.636000, 0.000000, 25.353500
8.704000, 0.000000, 25.354200
8.772000, 0.000000, 25.346500
8.840000, 0.000000, 25.357700
8.908000, 0.000000, 25.390600
8.976000, 0.000000, 25.363300
9.044000, 0.000000, 25.368200
9.112000, 0.000000, 25.399700
9.180000, 0.000000, 25.399000
9.248000, 0.000000, 25.402500
9.316000, 0.000000, 25.365400
9.384000, 0.000000, 25.366800
9.452000, 0.000000, 25.406700
9.520000, 0.000000, 25.396900
9.588000, 0.000000, 25.432600
9.656000, 0.000000, 25.488600
9.724000, 0.000000, 25.461300
9.792000, 0.000000, 25.443800
9.860000, 0.000000, 25.463400
9.928000, 0.000000, 25.484400
9.996000, 0.000000, 25.490700
10.064000, 0.000000, 25.506800
10.132000, 0.000000, 25.529200
10.200000, 0.000000, 25.513800
10.268000, 0.000000, 25.527100
10.336000, 0.000000, 25.533400
10.404000, 0.000000, 25.571200
10.472000, 0.000000, 25.547400
10.540000, 0.000000, 25.521500
10.608000, 0.000000, 25.520100
10.676000, 0.000000, 25.551600
10.744000, 0.000000, 25.551600
10.812000, 0.000000, 25.548800
10.880000, 0.000000, 25.586600
10.948000, 0.000000, 25.566300
11.016000, 0.000000, 25.586600
11.084000, 0.000000, 25.577500
11.152000, 0.000000, 25.649600
11.220000, 0.000000, 25.647500
11.288000, 0.000000, 25.607600
11.356000, 0.000000, 25.594300
11.424000, 0.000000, 25.618800
11.492000, 0.000000, 25.633500
11.560000, 0.000000, 25.638400
11.628000, 0.000000, 25.662900
11.696000, 0.000000, 25.676900
11.764000, 0.000000, 25.649600
11.832000, 0.000000, 25.648900
11.900000, 0.000000, 25.712600
11.968000, 0.000000, 25.680400
12.036000, 0.000000, 25.774200
12.104000, 0.000000, 25.755300
12.172000, 0.000000, 25.733600
12.240000, 0.000000, 25.697200
12.308000, 0.000000, 25.711900
12.376000, 0.000000, 25.718200
12.444000, 0.000000, 25.720300
12.512000, 0.000000, 25.765100
12.580000, 0.000000, 25.789600
12.648000, 0.000000, 25.772100
12.716000, 0.000000, 25.730800
12.784000, 0.000000, 25.786100
12.852000, 0.000000, 25.779800
12.920000, 0.000000, 25.777700
12.988000, 0.000000, 25.779800
13.056000, 0.000000, 25.816200
13.124000, 0.000000, 25.800800
13.192000, 0.000000, 25.809200
13.260000, 0.000000, 25.809900
13.328000, 0.000000, 25.805000
13.396000, 0.000000, 25.864500
13.464000, 0.000000, 25.891100
13.532000, 0.000000, 25.869400
13.600000, 0.000000, 25.837200
13.668000, 0.000000, 25.819700
13.736000, 0.000000, 25.873600
13.804000, 0.000000, 25.873600
13.872000, 0.000000, 25.914900
13.940000, 0.000000, 25.921200
14.008000, 0.000000, 25.898100
14.076000, 0.000000, 25.849100
14.144000, 0.000000, 25.834400
14.212000, 0.000000, 25.906500
14.280000, 0.000000, 25.927500
14.348000, 0.000000, 25.940800
14.552000, 0.000000, 31.636000
14.824000, 0.000000, 31.865600
14.892000, 0.000000, 31.954500
14.960000, 0.000000, 31.976200
15.028000, 0.000000, 32.009800
15.096000, 0.000000, 32.003500
15.164000, 0.000000, 32.107800
15.232000, 0.000000, 32.099400
15.300000, 0.000000, 32.086800
15.368000, 0.000000, 32.117600
15.436000, 0.000000, 32.168000
15.504000, 0.000000, 32.172200
15.572000, 0.000000, 32.213500
15.640000, 0.000000, 32.192500
15.708000, 0.000000, 32.156800
15.776000, 0.000000, 32.171500
15.844000, 0.000000, 32.205100
15.912000, 0.000000, 32.208600
15.980000, 0.000000, 32.202300
16.048000, 0.000000, 32.202300
16.116000, 0.000000, 32.228900
16.184000, 0.000000, 32.256200
16.252000, 0.000000, 32.221900
16.320000, 0.000000, 32.246400
16.388000, 0.000000, 32.235200
16.456000, 0.000000, 32.250600
16.524000, 0.000000, 32.296800
16.592000, 0.000000, 32.257600
16.660000, 0.000000, 32.254100
16.728000, 0.000000, 32.291200
16.796000, 0.000000, 32.282100
16.864000, 0.000000, 32.270900
16.932000, 0.000000, 32.286300
17.000000, 0.000000, 32.298200
17.068000, 0.000000, 32.296100
17.136000, 0.000000, 32.310100
17.204000, 0.000000, 32.325500
17.272000, 0.000000, 32.308000
17.340000, 0.000000, 32.326200
17.408000, 0.000000, 32.310800
17.476000, 0.000000, 32.336000
17.544000, 0.000000, 32.336000
17.612000, 0.000000, 32.342300
17.680000, 0.000000, 32.403200
17.748000, 0.000000, 32.364000
17.816000, 0.000000, 32.401800
17.884000, 0.000000, 32.399700
17.952000, 0.000000, 32.416500
18.020000, 0.000000, 32.399000
18.088000, 0.000000, 32.415100
18.156000, 0.000000, 32.433300
18.224000, 0.000000, 32.461300
18.292000, 0.000000, 32.488600
18.360000, 0.000000, 32.459900
-8.772000, 0.000000, 29.457600
-8.704000, 0.000000, 29.468100
-8.636000, 0.000000, 29.491200
-8.568000, 0.000000, 29.524100
-8.500000, 0.000000, 29.533900
-8.432000, 0.000000, 29.526900
-8.364000, 0.000000, 29.536700
-8.296000, 0.000000, 29.550000
-8.228000, 0.000000, 29.527600
-8.160000, 0.000000, 29.529000
-8.092000, 0.000000, 29.542300
-8.024000, 0.000000, 29.571000
-7.956000, 0.000000, 29.531100
-7.888000, 0.000000, 29.568900
-7.820000, 0.000000, 29.596900
-7.752000, 0.000000, 29.599700
-7.684000, 0.000000, 29.588500
-7.616000, 0.000000, 29.617900
-7.548000, 0.000000, 29.646600
-7.480000, 0.000000, 29.645900
-7.412000, 0.000000, 29.627700
-7.344000, 0.000000, 29.617900
-7.276000, 0.000000, 29.657800
-7.208000, 0.000000, 29.669000
-7.140000, 0.000000, 29.701900
-7.072000, 0.000000, 29.698400
-7.004000, 0.000000, 29.673200
-6.936000, 0.000000, 29.693500
-6.868000, 0.000000, 29.700500
-6.800000, 0.000000, 29.707500
-6.732000, 0.000000, 29.712400
-6.664000, 0.000000, 29.718000
-6.596000, 0.000000, 29.719400
-6.528000, 0.000000, 29.723600
-6.460000, 0.000000, 29.755100
-6.392000, 0.000000, 29.795700
-6.324000, 0.000000, 29.785200
-6.256000, 0.000000, 29.780300
-6.188000, 0.000000, 29.778900
-6.120000, 0.000000, 29.745300
-6.052000, 0.000000, 29.744600
-5.984000, 0.000000, 29.792900
-5.916000, 0.000000, 29.763500
-5.848000, 0.000000, 29.746700
-5.780000, 0.000000, 29.753700
-5.712000, 0.000000, 29.757200
-5.644000, 0.000000, 29.767700
-5.576000, 0.000000, 29.743200
-5.508000, 0.000000, 29.689300
-5.440000, 0.000000, 29.637500
-4.420000, 0.000000, 24.157200
-4.352000, 0.000000, 24.132000
-4.284000, 0.000000, 24.099800
-4.216000, 0.000000, 24.057800
-4.148000, 0.000000, 23.930400
-4.080000, 0.000000, 23.923400
-4.012000, 0.000000, 23.952100
-3.944000, 0.000000, 24.013700
-3.876000, 0.000000, 23.997600
-3.808000, 0.000000, 23.987800
-3.740000, 0.000000, 24.009500
-3.672000, 0.000000, 24.012300
-3.604000, 0.000000, 24.007400
-3.536000, 0.000000, 24.050800
-3.468000, 0.000000, 24.099800
-3.400000, 0.000000, 24.062000
-3.332000, 0.000000, 24.071800
-3.264000, 0.000000, 24.076000
-3.196000, 0.000000, 24.059900
-3.128000, 0.000000, 24.040300
-3.060000, 0.000000, 24.036800
-2.992000, 0.000000, 24.048000
-2.924000, 0.000000, 24.074600
-2.856000, 0.000000, 24.092100
-2.788000, 0.000000, 24.093500
-2.720000, 0.000000, 24.097700
-2.652000, 0.000000, 24.080200
-2.584000, 0.000000, 24.122200
-2.516000, 0.000000, 24.124300
-2.448000, 0.000000, 24.140400
-2.380000, 0.000000, 24.119400
-2.312000, 0.000000, 24.121500
-2.244000, 0.000000, 24.130600
-2.176000, 0.000000, 24.125700
-2.108000, 0.000000, 24.135500
-2.040000, 0.000000, 24.165600
-1.972000, 0.000000, 24.182400
-1.904000, 0.000000, 24.203400
-1.836000, 0.000000, 24.228600
-1.768000, 0.000000, 24.200600
-1.700000, 0.000000, 24.212500
-1.632000, 0.000000, 24.211800
-1.564000, 0.000000, 24.251700
-1.496000, 0.000000, 24.262200
-1.428000, 0.000000, 24.250300
-1.360000, 0.000000, 24.236300
-1.292000, 0.000000, 24.241900
-1.224000, 0.000000, 24.252400
-1.156000, 0.000000, 24.237000
-1.088000, 0.000000, 24.281800
-1.020000, 0.000000, 24.305600
-0.952000, 0.000000, 24.291600
-0.884000, 0.000000, 24.304200
-0.816000, 0.000000, 24.267800
-0.748000, 0.000000, 24.268500
-0.680000, 0.000000, 24.302100
-0.612000, 0.000000, 24.307000
-0.544000, 0.000000, 24.307000
-0.476000, 0.000000, 24.333600
-0.408000, 0.000000, 24.350400
-0.340000, 0.000000, 24.356700
-0.272000, 0.000000, 24.337800
-0.204000, 0.000000, 24.373500
-0.136000, 0.000000, 24.367900
-0.068000, 0.000000, 24.429500
0.000000, 0.000000, 24.402900
0.068000, 0.000000, 24.390300
0.136000, 0.000000, 24.399400
0.204000, 0.000000, 24.413400
0.272000, 0.000000, 24.419700
0.340000, 0.000000, 24.403600
0.408000, 0.000000, 24.388200
0.476000, 0.000000, 24.461700
0.544000, 0.000000, 24.476400
0.612000, 0.000000, 24.421800
0.680000, 0.000000, 24.430200
0.748000, 0.000000, 24.426000
0.816000, 0.000000, 24.463100
0.884000, 0.000000, 24.505800
0.952000, 0.000000, 24.513500
1.020000, 0.000000, 24.491800
1.088000, 0.000000, 24.488300
1.156000, 0.000000, 24.532400
1.224000, 0.000000, 24.551300
1.292000, 0.000000, 24.493200
1.360000, 0.000000, 24.476400
1.428000, 0.000000, 24.524700
1.496000, 0.000000, 24.572300
1.564000, 0.000000, 24.530300
1.632000, 0.000000, 24.580000
1.700000, 0.000000, 24.584200
1.768000, 0.000000, 24.555500
1.836000, 0.000000, 24.552000
1.904000, 0.000000, 24.553400
1.972000, 0.000000, 24.553400
2.040000, 0.000000, 24.601000
2.108000, 0.000000, 24.600300
2.176000, 0.000000, 24.603800
2.244000, 0.000000, 24.621300
2.312000, 0.000000, 24.626200
2.380000, 0.000000, 24.666800
2.448000, 0.000000, 24.673100
2.516000, 0.000000, 24.664700
2.584000, 0.000000, 24.652800
2.652000, 0.000000, 24.652800
2.720000, 0.000000, 24.678000
2.788000, 0.000000, 24.692000
2.856000, 0.000000, 24.693400
2.924000, 0.000000, 24.705300
2.992000, 0.000000, 24.718600
3.060000, 0.000000, 24.736800
3.128000, 0.000000, 24.763400
3.196000, 0.000000, 24.725600
3.264000, 0.000000, 24.738900
3.332000, 0.000000, 24.769000
3.400000, 0.000000, 24.769000
3.468000, 0.000000, 24.770400
3.536000, 0.000000, 24.778100
3.604000, 0.000000, 24.756400
3.672000, 0.000000, 24.776000
3.740000, 0.000000, 24.806100
3.808000, 0.000000, 24.755000
3.876000, 0.000000, 24.762700
3.944000, 0.000000, 24.829200
4.012000, 0.000000, 24.836900
4.080000, 0.000000, 24.810300
4.148000, 0.000000, 24.804700
4.216000, 0.000000, 24.821500
4.284000, 0.000000, 24.830600
4.352000, 0.000000, 24.839000
4.420000, 0.000000, 24.865600
4.488000, 0.000000, 24.869100
4.556000, 0.000000, 24.862800
4.624000, 0.000000, 24.883100
4.692000, 0.000000, 24.897100
4.760000, 0.000000, 24.910400
4.828000, 0.000000, 24.951700
4.896000, 0.000000, 24.985300
4.964000, 0.000000, 24.990200
5.032000, 0.000000, 24.971300
5.100000, 0.000000, 24.972000
5.168000, 0.000000, 25.007000
5.236000, 0.000000, 24.995800
5.304000, 0.000000, 25.014700
5.372000, 0.000000, 25.018200
5.440000, 0.000000, 25.034300
5.508000, 0.000000, 25.045500
5.576000, 0.000000, 25.030800
5.644000, 0.000000, 25.070000
5.712000, 0.000000, 25.087500
5.780000, 0.000000, 25.072100
5.848000, 0.000000, 25.058100
5.916000, 0.000000, 25.062300
5.984000, 0.000000, 25.076300
6.052000, 0.000000, 25.076300
6.120000, 0.000000, 25.047600
6.188000, 0.000000, 25.054600
6.256000, 0.000000, 25.065100
6.324000, 0.000000, 25.111300
6.392000, 0.000000, 25.119000
6.460000, 0.000000, 25.112700
6.528000, 0.000000, 25.128800
6.596000, 0.000000, 25.129500
6.664000, 0.000000, 25.112700
6.732000, 0.000000, 25.130900
6.800000, 0.000000, 25.170800
6.868000, 0.000000, 25.135100
6.936000, 0.000000, 25.106400
7.004000, 0.000000, 25.125300
7.072000, 0.000000, 25.118300
7.140000, 0.000000, 25.145600
7.208000, 0.000000, 25.165200
7.276000, 0.000000, 25.189000
7.344000, 0.000000, 25.181300
7.412000, 0.000000, 25.193900
7.480000, 0.000000, 25.208600
7.548000, 0.000000, 25.203700
7.616000, 0.000000, 25.251300
7.684000, 0.000000, 25.264600
7.752000, 0.000000, 25.247800
7.820000, 0.000000, 25.254800
7.888000, 0.000000, 25.235200
7.956000, 0.000000, 25.268100
8.024000, 0.000000, 25.287700
8.092000, 0.000000, 25.274400
8.160000, 0.000000, 25.256900
8.228000, 0.000000, 25.275800
8.296000, 0.000000, 25.296100
8.364000, 0.000000, 25.301700
8.432000, 0.000000, 25.330400
8.500000, 0.000000, 25.301700
8.568000, 0.000000, 25.330400
8.636000, 0.000000, 25.354900
8.704000, 0.000000, 25.354900
8.772000, 0.000000, 25.345100
8.840000, 0.000000, 25.354900
8.908000, 0.000000, 25.388500
8.976000, 0.000000, 25.362600
9.044000, 0.000000, 25.364000
9.112000, 0.000000, 25.392700
9.180000, 0.000000, 25.396200
9.248000, 0.000000, 25.401800
9.316000, 0.000000, 25.361200
9.384000, 0.000000, 25.364700
9.452000, 0.000000, 25.401100
9.520000, 0.000000, 25.390600
9.588000, 0.000000, 25.435400
9.656000, 0.000000, 25.487900
9.724000, 0.000000, 25.463400
9.792000, 0.000000, 25.445900
9.860000, 0.000000, 25.463400
9.928000, 0.000000, 25.480900
9.996000, 0.000000, 25.482300
10.064000, 0.000000, 25.499100
10.132000, 0.000000, 25.529200
10.200000, 0.000000, 25.511700
10.268000, 0.000000, 25.525000
10.336000, 0.000000, 25.531300
10.404000, 0.000000, 25.572600
10.472000, 0.000000, 25.540400
10.540000, 0.000000, 25.515900
10.608000, 0.000000, 25.517300
10.676000, 0.000000, 25.553000
10.744000, 0.000000, 25.549500
10.812000, 0.000000, 25.545300
10.880000, 0.000000, 25.590100
10.948000, 0.000000, 25.560700
11.016000, 0.000000, 25.582400
11.084000, 0.000000, 25.584500
11.152000, 0.000000, 25.648900
11.220000, 0.000000, 25.637700
11.288000, 0.000000, 25.600600
11.356000, 0.000000, 25.593600
11.424000, 0.000000, 25.616000
11.492000, 0.000000, 25.628600
11.560000, 0.000000, 25.636300
11.628000, 0.000000, 25.660100
11.696000, 0.000000, 25.672700
11.764000, 0.000000, 25.646100
11.832000, 0.000000, 25.651000
11.900000, 0.000000, 25.716100
11.968000, 0.000000, 25.679000
12.036000, 0.000000, 25.771400
12.104000, 0.000000, 25.752500
12.172000, 0.000000, 25.728700
12.240000, 0.000000, 25.693000
12.308000, 0.000000, 25.711200
12.376000, 0.000000, 25.718200
12.444000, 0.000000, 25.717500
12.512000, 0.000000, 25.760900
12.580000, 0.000000, 25.789600
12.648000, 0.000000, 25.777000
12.716000, 0.000000, 25.728700
12.784000, 0.000000, 25.781200
12.852000, 0.000000, 25.781900
12.920000, 0.000000, 25.777000
12.988000, 0.000000, 25.774900
13.056000, 0.000000, 25.814800
13.124000, 0.000000, 25.798700
13.192000, 0.000000, 25.806400
13.260000, 0.000000, 25.809900
13.328000, 0.000000, 25.803600
13.396000, 0.000000, 25.859600
13.464000, 0.000000, 25.884100
13.532000, 0.000000, 25.867300
13.600000, 0.000000, 25.830900
13.668000, 0.000000, 25.816200
13.736000, 0.000000, 25.873600
13.804000, 0.000000, 25.872200
13.872000, 0.000000, 25.910700
13.940000, 0.000000, 25.919800
14.008000, 0.000000, 25.896700
14.076000, 0.000000, 25.847000
14.144000, 0.000000, 25.834400
14.212000, 0.000000, 25.905100
14.280000, 0.000000, 25.925400
14.348000, 0.000000, 25.933800
14.552000, 0.000000, 31.636000
14.824000, 0.000000, 31.873300
14.892000, 0.000000, 31.966400
14.960000, 0.000000, 31.955900
15.028000, 0.000000, 32.007700
15.096000, 0.000000, 32.002800
15.164000, 0.000000, 32.102900
15.232000, 0.000000, 32.098700
15.300000, 0.000000, 32.083300
15.368000, 0.000000, 32.108500
15.436000, 0.000000, 32.170100
15.504000, 0.000000, 32.170800
15.572000, 0.000000, 32.211400
15.640000, 0.000000, 32.193200
15.708000, 0.000000, 32.158900
15.776000, 0.000000, 32.169400
15.844000, 0.000000, 32.196000
15.912000, 0.000000, 32.200200
15.980000, 0.000000, 32.199500
16.048000, 0.000000, 32.200900
16.116000, 0.000000, 32.226100
16.184000, 0.000000, 32.252700
16.252000, 0.000000, 32.221900
16.320000, 0.000000, 32.249200
16.388000, 0.000000, 32.238700
16.456000, 0.000000, 32.251300
16.524000, 0.000000, 32.290500
16.592000, 0.000000, 32.253400
16.660000, 0.000000, 32.254100
16.728000, 0.000000, 32.286300
16.796000, 0.000000, 32.276500
16.864000, 0.000000, 32.270200
16.932000, 0.000000, 32.290500
17.000000, 0.000000, 32.300300
17.068000, 0.000000, 32.292600
17.136000, 0.000000, 32.304500
17.204000, 0.000000, 32.324800
17.272000, 0.000000, 32.305900
17.340000, 0.000000, 32.326200
17.408000, 0.000000, 32.308700
17.476000, 0.000000, 32.331100
17.544000, 0.000000, 32.336000
17.612000, 0.000000, 32.338100
17.680000, 0.000000, 32.408100
17.748000, 0.000000, 32.365400
17.816000, 0.000000, 32.401100
17.884000, 0.000000, 32.399000
17.952000, 0.000000, 32.413700
18.020000, 0.000000, 32.393400
18.088000, 0.000000, 32.408800
18.156000, 0.000000, 32.430500
18.224000, 0.000000, 32.457800
18.292000, 0.000000, 32.484400
18.360000, 0.000000, 32.461300
-8.772000, 0.000000, 29.470200
-8.704000, 0.000000, 29.470200
-8.636000, 0.000000, 29.491200
-8.568000, 0.000000, 29.526200
-8.500000, 0.000000, 29.529000
-8.432000, 0.000000, 29.515000
-8.364000, 0.000000, 29.533900
-8.296000, 0.000000, 29.552100
-8.228000, 0.000000, 29.523400
-8.160000, 0.000000, 29.525500
-8.092000, 0.000000, 29.543000
-8.024000, 0.000000, 29.569600
-7.956000, 0.000000, 29.538800
-7.888000, 0.000000, 29.566800
-7.820000, 0.000000, 29.594100
-7.752000, 0.000000, 29.597600
-7.684000, 0.000000, 29.586400
-7.616000, 0.000000, 29.611600
-7.548000, 0.000000, 29.646600
-7.480000, 0.000000, 29.646600
-7.412000, 0.000000, 29.620000
-7.344000, 0.000000, 29.613000
-7.276000, 0.000000, 29.652200
-7.208000, 0.000000, 29.661300
-7.140000, 0.000000, 29.699100
-7.072000, 0.000000, 29.700500
-7.004000, 0.000000, 29.670400
-6.936000, 0.000000, 29.697000
-6.868000, 0.000000, 29.697700
-6.800000, 0.000000, 29.706800
-6.732000, 0.000000, 29.710300
-6.664000, 0.000000, 29.715200
-6.596000, 0.000000, 29.717300
-6.528000, 0.000000, 29.722200
-6.460000, 0.000000, 29.756500
-6.392000, 0.000000, 29.797800
-6.324000, 0.000000, 29.783800
-6.256000, 0.000000, 29.780300
-6.188000, 0.000000, 29.773300
-6.120000, 0.000000, 29.740400
-6.052000, 0.000000, 29.750200
-5.984000, 0.000000, 29.789400
-5.916000, 0.000000, 29.757900
-5.848000, 0.000000, 29.748100
-5.780000, 0.000000, 29.755100
-5.712000, 0.000000, 29.756500
-5.644000, 0.000000, 29.770500
-5.576000, 0.000000, 29.743900
-5.508000, 0.000000, 29.689300
-5.440000, 0.000000, 29.640300
-4.420000, 0.000000, 24.162100
-4.352000, 0.000000, 24.132700
-4.284000, 0.000000, 24.097000
-4.216000, 0.000000, 24.050100
-4.148000, 0.000000, 23.926200
-4.080000, 0.000000, 23.918500
-4.012000, 0.000000, 23.952800
-3.944000, 0.000000, 24.015100
-3.876000, 0.000000, 23.999700
-3.808000, 0.000000, 23.984300
-3.740000, 0.000000, 24.002500
-3.672000, 0.000000, 24.004600
-3.604000, 0.000000, 24.002500
-3.536000, 0.000000, 24.051500
-3.468000, 0.000000, 24.101200
-3.400000, 0.000000, 24.055000
-3.332000, 0.000000, 24.059200
-3.264000, 0.000000, 24.073200
-3.196000, 0.000000, 24.059900
-3.128000, 0.000000, 24.040300
-3.060000, 0.000000, 24.039600
-2.992000, 0.000000, 24.048700
-2.924000, 0.000000, 24.069000
-2.856000, 0.000000, 24.085100
-2.788000, 0.000000, 24.090700
-2.720000, 0.000000, 24.097000
-2.652000, 0.000000, 24.075300
-2.584000, 0.000000, 24.122200
-2.516000, 0.000000, 24.124300
-2.448000, 0.000000, 24.134100
-2.380000, 0.000000, 24.122200
-2.312000, 0.000000, 24.123600
-2.244000, 0.000000, 24.125000
-2.176000, 0.000000, 24.125000
-2.108000, 0.000000, 24.140400
-2.040000, 0.000000, 24.164900
-1.972000, 0.000000, 24.178900
-1.904000, 0.000000, 24.199900
-1.836000, 0.000000, 24.230700
-1.768000, 0.000000, 24.198500
-1.700000, 0.000000, 24.208300
-1.632000, 0.000000, 24.209700
-1.564000, 0.000000, 24.245400
-1.496000, 0.000000, 24.253800
-1.428000, 0.000000, 24.242600
-1.360000, 0.000000, 24.232800
-1.292000, 0.000000, 24.244000
-1.224000, 0.000000, 24.253100
-1.156000, 0.000000, 24.232800
-1.088000, 0.000000, 24.276200
-1.020000, 0.000000, 24.298600
-0.952000, 0.000000, 24.282500
-0.884000, 0.000000, 24.303500
-0.816000, 0.000000, 24.269200
-0.748000, 0.000000, 24.263600
-0.680000, 0.000000, 24.293000
-0.612000, 0.000000, 24.304900
-0.544000, 0.000000, 24.309800
-0.476000, 0.000000, 24.333600
-0.408000, 0.000000, 24.351100
-0.340000, 0.000000, 24.358800
-0.272000, 0.000000, 24.333600
-0.204000, 0.000000, 24.373500
-0.136000, 0.000000, 24.370000
-0.068000, 0.000000, 24.430200
0.000000, 0.000000, 24.398700
0.068000, 0.000000, 24.386100
0.136000, 0.000000, 24.393100
0.204000, 0.000000, 24.409200
0.272000, 0.000000, 24.420400
0.340000, 0.000000, 24.402900
0.408000, 0.000000, 24.387500
0.476000, 0.000000, 24.456800
0.544000, 0.000000, 24.472200
0.612000, 0.000000, 24.416200
0.680000, 0.000000, 24.423900
0.748000, 0.000000, 24.425300
0.816000, 0.000000, 24.460300
0.884000, 0.000000, 24.500900
0.952000, 0.000000, 24.512100
1.020000, 0.000000, 24.491800
1.088000, 0.000000, 24.485500
1.156000, 0.000000, 24.531000
1.224000, 0.000000, 24.549900
1.292000, 0.000000, 24.491800
1.360000, 0.000000, 24.479200
1.428000, 0.000000, 24.526100
1.496000, 0.000000, 24.570900
1.564000, 0.000000, 24.531700
1.632000, 0.000000, 24.584200
1.700000, 0.000000, 24.583500
1.768000, 0.000000, 24.552000
1.836000, 0.000000, 24.551300
1.904000, 0.000000, 24.553400
1.972000, 0.000000, 24.552000
2.040000, 0.000000, 24.601000
2.108000, 0.000000, 24.602400
2.176000, 0.000000, 24.598200
2.244000, 0.000000, 24.621300
2.312000, 0.000000, 24.631800
2.380000, 0.000000, 24.666100
2.448000, 0.000000, 24.668200
2.516000, 0.000000, 24.663300
2.584000, 0.000000, 24.655600
2.652000, 0.000000, 24.654900
2.720000, 0.000000, 24.679400
2.788000, 0.000000, 24.689900
2.856000, 0.000000, 24.690600
2.924000, 0.000000, 24.701100
2.992000, 0.000000, 24.715100
3.060000, 0.000000, 24.734000
3.128000, 0.000000, 24.766200
3.196000, 0.000000, 24.727000
3.264000, 0.000000, 24.739600
3.332000, 0.000000, 24.767600
3.400000, 0.000000, 24.767600
3.468000, 0.000000, 24.768300
3.536000, 0.000000, 24.773900
3.604000, 0.000000, 24.754300
3.672000, 0.000000, 24.778100
3.740000, 0.000000, 24.803300
3.808000, 0.000000, 24.752200
3.876000, 0.000000, 24.757800
3.944000, 0.000000, 24.825000
4.012000, 0.000000, 24.832000
4.080000, 0.000000, 24.809600
4.148000, 0.000000, 24.806100
4.216000, 0.000000, 24.822200
4.284000, 0.000000, 24.834800
4.352000, 0.000000, 24.841800
4.420000, 0.000000, 24.865600
4.488000, 0.000000, 24.864200
4.556000, 0.000000, 24.863500
4.624000, 0.000000, 24.888700
4.692000, 0.000000, 24.897100
4.760000, 0.000000, 24.908300
4.828000, 0.000000, 24.947500
4.896000, 0.000000, 24.981800
4.964000, 0.000000, 24.989500
5.032000, 0.000000, 24.972000
5.100000, 0.000000, 24.970600
5.168000, 0.000000, 25.005600
5.236000, 0.000000, 24.995800
5.304000, 0.000000, 25.014000
5.372000, 0.000000, 25.016800
5.440000, 0.000000, 25.034300
5.508000, 0.000000, 25.048300
5.576000, 0.000000, 25.030100
5.644000, 0.000000, 25.062300
5.712000, 0.000000, 25.083300
5.780000, 0.000000, 25.072100
5.848000, 0.000000, 25.059500
5.916000, 0.000000, 25.063000
5.984000, 0.000000, 25.074200
6.052000, 0.000000, 25.072100
6.120000, 0.000000, 25.042000
6.188000, 0.000000, 25.050400
6.256000, 0.000000, 25.066500
6.324000, 0.000000, 25.110600
6.392000, 0.000000, 25.116200
6.460000, 0.000000, 25.108500
6.528000, 0.000000, 25.128100
6.596000, 0.000000, 25.129500
6.664000, 0.000000, 25.112700
6.732000, 0.000000, 25.133000
6.800000, 0.000000, 25.167300
6.868000, 0.000000, 25.138600
6.936000, 0.000000, 25.102200
7.004000, 0.000000, 25.128800
7.072000, 0.000000, 25.117600
7.140000, 0.000000, 25.151900
7.208000, 0.000000, 25.166600
7.276000, 0.000000, 25.185500
7.344000, 0.000000, 25.180600
7.412000, 0.000000, 25.196000
7.480000, 0.000000, 25.209300
7.548000, 0.000000, 25.199500
7.616000, 0.000000, 25.247100
7.684000, 0.000000, 25.261100
7.752000, 0.000000, 25.248500
7.820000, 0.000000, 25.253400
7.888000, 0.000000, 25.238000
7.956000, 0.000000, 25.268800
8.024000, 0.000000, 25.287000
8.092000, 0.000000, 25.272300
8.160000, 0.000000, 25.256900
8.228000, 0.000000, 25.277200
8.296000, 0.000000, 25.296100
8.364000, 0.000000, 25.301000
8.432000, 0.000000, 25.329000
8.500000, 0.000000, 25.307300
8.568000, 0.000000, 25.329700
8.636000, 0.000000, 25.350700
8.704000, 0.000000, 25.352100
8.772000, 0.000000, 25.347200
8.840000, 0.000000, 25.351400
8.908000, 0.000000, 25.385000
8.976000, 0.000000, 25.362600
9.044000, 0.000000, 25.364000
9.112000, 0.000000, 25.395500
9.180000, 0.000000, 25.400400
9.248000, 0.000000, 25.398300
9.316000, 0.000000, 25.360500
9.384000, 0.000000, 25.367500
9.452000, 0.000000, 25.401100
9.520000, 0.000000, 25.397600
9.588000, 0.000000, 25.433300
9.656000, 0.000000, 25.486500
9.724000, 0.000000, 25.459200
9.792000, 0.000000, 25.441700
9.860000, 0.000000, 25.461300
9.928000, 0.000000, 25.479500
9.996000, 0.000000, 25.483000
10.064000, 0.000000, 25.504000
10.132000, 0.000000, 25.529200
10.200000, 0.000000, 25.507500
10.268000, 0.000000, 25.523600
10.336000, 0.000000, 25.528500
10.404000, 0.000000, 25.570500
10.472000, 0.000000, 25.541100
10.540000, 0.000000, 25.512400
10.608000, 0.000000, 25.509600
10.676000, 0.000000, 25.546700
10.744000, 0.000000, 25.549500
10.812000, 0.000000, 25.548100
10.880000, 0.000000, 25.588700
10.948000, 0.000000, 25.562100
11.016000, 0.000000, 25.580300
11.084000, 0.000000, 25.576800
11.152000, 0.000000, 25.654500
11.220000, 0.000000, 25.635600
11.288000, 0.000000, 25.602700
11.356000, 0.000000, 25.597100
11.424000, 0.000000, 25.617400
11.492000, 0.000000, 25.626500
11.560000, 0.000000, 25.633500
11.628000, 0.000000, 25.659400
11.696000, 0.000000, 25.670600
11.764000, 0.000000, 25.641200
11.832000, 0.000000, 25.643300
11.900000, 0.000000, 25.710500
11.968000, 0.000000, 25.683200
12.036000, 0.000000, 25.767900
12.104000, 0.000000, 25.750400
12.172000, 0.000000, 25.729400
12.240000, 0.000000, 25.693000
12.308000, 0.000000, 25.708400
12.376000, 0.000000, 25.714000
12.444000, 0.000000, 25.713300
12.512000, 0.000000, 25.760200
12.580000, 0.000000, 25.788900
12.648000, 0.000000, 25.770700
12.716000, 0.000000, 25.728000
12.784000, 0.000000, 25.777000
12.852000, 0.000000, 25.777000
12.920000, 0.000000, 25.777700
12.988000, 0.000000, 25.772100
13.056000, 0.000000, 25.809900
13.124000, 0.000000, 25.796600
13.192000, 0.000000, 25.803600
13.260000, 0.000000, 25.807800
13.328000, 0.000000, 25.801500
13.396000, 0.000000, 25.856100
13.464000, 0.000000, 25.889000
13.532000, 0.000000, 25.868000
13.600000, 0.000000, 25.832300
13.668000, 0.000000, 25.819700
13.736000, 0.000000, 25.868700
13.804000, 0.000000, 25.867300
13.872000, 0.000000, 25.910000
13.940000, 0.000000, 25.919800
14.008000, 0.000000, 25.898100
14.076000, 0.000000, 25.849800
14.144000, 0.000000, 25.835800
14.212000, 0.000000, 25.909300
14.280000, 0.000000, 25.928900
14.348000, 0.000000, 25.933800
14.552000, 0.000000, 31.619900
14.824000, 0.000000, 31.854400
14.892000, 0.000000, 31.970600
14.960000, 0.000000, 31.964300
15.028000, 0.000000, 32.008400
15.096000, 0.000000, 32.002800
15.164000, 0.000000, 32.101500
15.232000, 0.000000, 32.098700
15.300000, 0.000000, 32.085400
15.368000, 0.000000, 32.116200
15.436000, 0.000000, 32.176400
15.504000, 0.000000, 32.172900
15.572000, 0.000000, 32.208600
15.640000, 0.000000, 32.189700
15.708000, 0.000000, 32.157500
15.776000, 0.000000, 32.170800
15.844000, 0.000000, 32.198800
15.912000, 0.000000, 32.203700
15.980000, 0.000000, 32.203000
16.048000, 0.000000, 32.201600
16.116000, 0.000000, 32.225400
16.184000, 0.000000, 32.254800
16.252000, 0.000000, 32.218400
16.320000, 0.000000, 32.245700
16.388000, 0.000000, 32.233800
16.456000, 0.000000, 32.247100
16.524000, 0.000000, 32.289100
16.592000, 0.000000, 32.259000
16.660000, 0.000000, 32.256900
16.728000, 0.000000, 32.291200
16.796000, 0.000000, 32.276500
16.864000, 0.000000, 32.268800
16.932000, 0.000000, 32.287700
17.000000, 0.000000, 32.294700
17.068000, 0.000000, 32.288400
17.136000, 0.000000, 32.302400
17.204000, 0.000000, 32.322000
17.272000, 0.000000, 32.298900
17.340000, 0.000000, 32.324800
17.408000, 0.000000, 32.310800
17.476000, 0.000000, 32.335300
17.544000, 0.000000, 32.335300
17.612000, 0.000000, 32.336700
17.680000, 0.000000, 32.410200
17.748000, 0.000000, 32.366800
17.816000, 0.000000, 32.397600
17.884000, 0.000000, 32.399000
17.952000, 0.000000, 32.413000
18.020000, 0.000000, 32.393400
18.088000, 0.000000, 32.405300
18.156000, 0.000000, 32.427000
18.224000, 0.000000, 32.456400
18.292000, 0.000000, 32.485100
18.360000, 0.000000, 32.462000
-8.772000, 0.000000, 29.471600
-8.704000, 0.000000, 29.467400
-8.636000, 0.000000, 29.487000
-8.568000, 0.000000, 29.524100
-8.500000, 0.000000, 29.529700
-8.432000, 0.000000, 29.515000
-8.364000, 0.000000, 29.533200
-8.296000, 0.000000, 29.557000
-8.228000, 0.000000, 29.531800
-8.160000, 0.000000, 29.536700
-8.092000, 0.000000, 29.537400
-8.024000, 0.000000, 29.565400
-7.956000, 0.000000, 29.532500
-7.888000, 0.000000, 29.567500
-7.820000, 0.000000, 29.599000
-7.752000, 0.000000, 29.603200
-7.684000, 0.000000, 29.589900
-7.616000, 0.000000, 29.610900
-7.548000, 0.000000, 29.639600
-7.480000, 0.000000, 29.641700
-7.412000, 0.000000, 29.624900
-7.344000, 0.000000, 29.617200
-7.276000, 0.000000, 29.655700
-7.208000, 0.000000, 29.666200
-7.140000, 0.000000, 29.706800
-7.072000, 0.000000, 29.699100
-7.004000, 0.000000, 29.671800
-6.936000, 0.000000, 29.694200
-6.868000, 0.000000, 29.696300
-6.800000, 0.000000, 29.707500
-6.732000, 0.000000, 29.707500
-6.664000, 0.000000, 29.714500
-6.596000, 0.000000, 29.718000
-6.528000, 0.000000, 29.724300
-6.460000, 0.000000, 29.761400
-6.392000, 0.000000, 29.797100
-6.324000, 0.000000, 29.779600
-6.256000, 0.000000, 29.777500
-6.188000, 0.000000, 29.775400
-6.120000, 0.000000, 29.740400
-6.052000, 0.000000, 29.749500
-5.984000, 0.000000, 29.796400
-5.916000, 0.000000, 29.762800
-5.848000, 0.000000, 29.748100
-5.780000, 0.000000, 29.755800
-5.712000, 0.000000, 29.761400
-5.644000, 0.000000, 29.769100
-5.576000, 0.000000, 29.745300
-5.508000, 0.000000, 29.699800
-5.440000, 0.000000, 29.646600
-4.420000, 0.000000, 24.155100
-4.352000, 0.000000, 24.125700
-4.284000, 0.000000, 24.096300
-4.216000, 0.000000, 24.047300
-4.148000, 0.000000, 23.926200
-4.080000, 0.000000, 23.924100
-4.012000, 0.000000, 23.950000
-3.944000, 0.000000, 24.008800
-3.876000, 0.000000, 23.993400
-3.808000, 0.000000, 23.978000
-3.740000, 0.000000, 24.000400
-3.672000, 0.000000, 24.007400
-3.604000, 0.000000, 24.006700
-3.536000, 0.000000, 24.055000
-3.468000, 0.000000, 24.102600
-3.400000, 0.000000, 24.059900
-3.332000, 0.000000, 24.062700
-3.264000, 0.000000, 24.072500
-3.196000, 0.000000, 24.057800
-3.128000, 0.000000, 24.036100
-3.060000, 0.000000, 24.037500
-2.992000, 0.000000, 24.050100
-2.924000, 0.000000, 24.075300
-2.856000, 0.000000, 24.090700
-2.788000, 0.000000, 24.087200
-2.720000, 0.000000, 24.090700
-2.652000, 0.000000, 24.078100
-2.584000, 0.000000, 24.124300
-2.516000, 0.000000, 24.126400
-2.448000, 0.000000, 24.140400
-2.380000, 0.000000, 24.120800
-2.312000, 0.000000, 24.124300
-2.244000, 0.000000, 24.130600
-2.176000, 0.000000, 24.124300
-2.108000, 0.000000, 24.136200
-2.040000, 0.000000, 24.167000
-1.972000, 0.000000, 24.179600
-1.904000, 0.000000, 24.197100
-1.836000, 0.000000, 24.230000
-1.768000, 0.000000, 24.204100
-1.700000, 0.000000, 24.209000
-1.632000, 0.000000, 24.211800
-1.564000, 0.000000, 24.251700
-1.496000, 0.000000, 24.261500
-1.428000, 0.000000, 24.244000
-1.360000, 0.000000, 24.232100
-1.292000, 0.000000, 24.247500
-1.224000, 0.000000, 24.258700
-1.156000, 0.000000, 24.238400
-1.088000, 0.000000, 24.282500
-1.020000, 0.000000, 24.297200
-0.952000, 0.000000, 24.279000
-0.884000, 0.000000, 24.303500
-0.816000, 0.000000, 24.266400
-0.748000, 0.000000, 24.262900
-0.680000, 0.000000, 24.297200
-0.612000, 0.000000, 24.308400
-0.544000, 0.000000, 24.308400
-0.476000, 0.000000, 24.328700
-0.408000, 0.000000, 24.347600
-0.340000, 0.000000, 24.356000
-0.272000, 0.000000, 24.335000
-0.204000, 0.000000, 24.377000
-0.136000, 0.000000, 24.371400
-0.068000, 0.000000, 24.429500
0.000000, 0.000000, 24.399400
0.068000, 0.000000, 24.385400
0.136000, 0.000000, 24.393100
0.204000, 0.000000, 24.409900
0.272000, 0.000000, 24.419000
0.340000, 0.000000, 24.402200
0.408000, 0.000000, 24.391700
0.476000, 0.000000, 24.463800
0.544000, 0.000000, 24.478500
0.612000, 0.000000, 24.429500
0.680000, 0.000000, 24.428800
0.748000, 0.000000, 24.424600
0.816000, 0.000000, 24.462400
0.884000, 0.000000, 24.507200
0.952000, 0.000000, 24.515600
1.020000, 0.000000, 24.493200
1.088000, 0.000000, 24.490400
1.156000, 0.000000, 24.532400
1.224000, 0.000000, 24.549900
1.292000, 0.000000, 24.492500
1.360000, 0.000000, 24.479200
1.428000, 0.000000, 24.530300
1.496000, 0.000000, 24.569500
1.564000, 0.000000, 24.531700
1.632000, 0.000000, 24.580000
1.700000, 0.000000, 24.582100
1.768000, 0.000000, 24.554800
1.836000, 0.000000, 24.553400
1.904000, 0.000000, 24.554100
1.972000, 0.000000, 24.551300
2.040000, 0.000000, 24.601000
2.108000, 0.000000, 24.601700
2.176000, 0.000000, 24.601000
2.244000, 0.000000, 24.623400
2.312000, 0.000000, 24.630400
2.380000, 0.000000, 24.666100
2.448000, 0.000000, 24.671000
2.516000, 0.000000, 24.665400
2.584000, 0.000000, 24.656300
2.652000, 0.000000, 24.654200
2.720000, 0.000000, 24.677300
2.788000, 0.000000, 24.694100
2.856000, 0.000000, 24.690600
2.924000, 0.000000, 24.704600
2.992000, 0.000000, 24.717200
3.060000, 0.000000, 24.738200
3.128000, 0.000000, 24.763400
3.196000, 0.000000, 24.722800
3.264000, 0.000000, 24.738200
3.332000, 0.000000, 24.766200
3.400000, 0.000000, 24.763400
3.468000, 0.000000, 24.766900
3.536000, 0.000000, 24.776700
3.604000, 0.000000, 24.757800
3.672000, 0.000000, 24.778800
3.740000, 0.000000, 24.808200
3.808000, 0.000000, 24.755700
3.876000, 0.000000, 24.760600
3.944000, 0.000000, 24.825000
4.012000, 0.000000, 24.834800
4.080000, 0.000000, 24.811700
4.148000, 0.000000, 24.806100
4.216000, 0.000000, 24.822900
4.284000, 0.000000, 24.834800
4.352000, 0.000000, 24.840400
4.420000, 0.000000, 24.864900
4.488000, 0.000000, 24.866300
4.556000, 0.000000, 24.863500
4.624000, 0.000000, 24.881700
4.692000, 0.000000, 24.895000
4.760000, 0.000000, 24.911100
4.828000, 0.000000, 24.948900
4.896000, 0.000000, 24.983200
4.964000, 0.000000, 24.991600
5.032000, 0.000000, 24.974100
5.100000, 0.000000, 24.974100
5.168000, 0.000000, 25.010500
5.236000, 0.000000, 25.000700
5.304000, 0.000000, 25.013300
5.372000, 0.000000, 25.012600
5.440000, 0.000000, 25.041300
5.508000, 0.000000, 25.046900
5.576000, 0.000000, 25.030800
5.644000, 0.000000, 25.067900
5.712000, 0.000000, 25.085400
5.780000, 0.000000, 25.072100
5.848000, 0.000000, 25.058100
5.916000, 0.000000, 25.063000
5.984000, 0.000000, 25.078400
6.052000, 0.000000, 25.073500
6.120000, 0.000000, 25.043400
6.188000, 0.000000, 25.050400
6.256000, 0.000000, 25.061600
6.324000, 0.000000, 25.111300
6.392000, 0.000000, 25.118300
6.460000, 0.000000, 25.110600
6.528000, 0.000000, 25.126700
6.596000, 0.000000, 25.128800
6.664000, 0.000000, 25.112700
6.732000, 0.000000, 25.132300
6.800000, 0.000000, 25.171500
6.868000, 0.000000, 25.139300
6.936000, 0.000000, 25.109200
7.004000, 0.000000, 25.122500
7.072000, 0.000000, 25.119000
7.140000, 0.000000, 25.146300
7.208000, 0.000000, 25.163800
7.276000, 0.000000, 25.184800
7.344000, 0.000000, 25.181300
7.412000, 0.000000, 25.196000
7.480000, 0.000000, 25.209300
7.548000, 0.000000, 25.202300
7.616000, 0.000000, 25.246400
7.684000, 0.000000, 25.259000
7.752000, 0.000000, 25.247800
7.820000, 0.000000, 25.252000
7.888000, 0.000000, 25.236600
7.956000, 0.000000, 25.270200
8.024000, 0.000000, 25.289800
8.092000, 0.000000, 25.272300
8.160000, 0.000000, 25.253400
8.228000, 0.000000, 25.273700
8.296000, 0.000000, 25.295400
8.364000, 0.000000, 25.301700
8.432000, 0.000000, 25.329700
8.500000, 0.000000, 25.303100
8.568000, 0.000000, 25.326200
8.636000, 0.000000, 25.359100
8.704000, 0.000000, 25.354900
8.772000, 0.000000, 25.347200
8.840000, 0.000000, 25.357000
8.908000, 0.000000, 25.388500
8.976000, 0.000000, 25.363300
9.044000, 0.000000, 25.364000
9.112000, 0.000000, 25.390600
9.180000, 0.000000, 25.394800
9.248000, 0.000000, 25.401100
9.316000, 0.000000, 25.363300
9.384000, 0.000000, 25.365400
9.452000, 0.000000, 25.401800
9.520000, 0.000000, 25.392000
9.588000, 0.000000, 25.430500
9.656000, 0.000000, 25.484400
9.724000, 0.000000, 25.459200
9.792000, 0.000000, 25.443800
9.860000, 0.000000, 25.462000
9.928000, 0.000000, 25.478100
9.996000, 0.000000, 25.481600
10.064000, 0.000000, 25.497700
10.132000, 0.000000, 25.525700
10.200000, 0.000000, 25.511000
10.268000, 0.000000, 25.527800
10.336000, 0.000000, 25.532000
10.404000, 0.000000, 25.567000
10.472000, 0.000000, 25.542500
10.540000, 0.000000, 25.514500
10.608000, 0.000000, 25.514500
10.676000, 0.000000, 25.550200
10.744000, 0.000000, 25.551600
10.812000, 0.000000, 25.554400
10.880000, 0.000000, 25.595700
10.948000, 0.000000, 25.564200
11.016000, 0.000000, 25.578900
11.084000, 0.000000, 25.577500
11.152000, 0.000000, 25.650300
11.220000, 0.000000, 25.636300
11.288000, 0.000000, 25.602000
11.356000, 0.000000, 25.591500
11.424000, 0.000000, 25.613200
11.492000, 0.000000, 25.625800
11.560000, 0.000000, 25.633500
11.628000, 0.000000, 25.660800
11.696000, 0.000000, 25.672700
11.764000, 0.000000, 25.642600
11.832000, 0.000000, 25.654500
11.900000, 0.000000, 25.716800
11.968000, 0.000000, 25.682500
12.036000, 0.000000, 25.772800
12.104000, 0.000000, 25.753200
12.172000, 0.000000, 25.730100
12.240000, 0.000000, 25.692300
12.308000, 0.000000, 25.705600
12.376000, 0.000000, 25.714700
12.444000, 0.000000, 25.716100
12.512000, 0.000000, 25.758800
12.580000, 0.000000, 25.788900
12.648000, 0.000000, 25.777000
12.716000, 0.000000, 25.735000
12.784000, 0.000000, 25.784000
12.852000, 0.000000, 25.774200
12.920000, 0.000000, 25.777700
12.988000, 0.000000, 25.775600
13.056000, 0.000000, 25.812000
13.124000, 0.000000, 25.795900
13.192000, 0.000000, 25.803600
13.260000, 0.000000, 25.806400
13.328000, 0.000000, 25.802200
13.396000, 0.000000, 25.862400
13.464000, 0.000000, 25.885500
13.532000, 0.000000, 25.868000
13.600000, 0.000000, 25.836500
13.668000, 0.000000, 25.814800
13.736000, 0.000000, 25.872200
13.804000, 0.000000, 25.872200
13.872000, 0.000000, 25.910700
13.940000, 0.000000, 25.919800
14.008000, 0.000000, 25.896700
14.076000, 0.000000, 25.846300
14.144000, 0.000000, 25.831600
14.212000, 0.000000, 25.901600
14.280000, 0.000000, 25.924700
14.348000, 0.000000, 25.940100
14.552000, 0.000000, 31.616400
14.824000, 0.000000, 31.873300
14.892000, 0.000000, 31.962200
14.960000, 0.000000, 31.962200
15.028000, 0.000000, 32.009100
15.096000, 0.000000, 32.004200
15.164000, 0.000000, 32.105700
15.232000, 0.000000, 32.103600
15.300000, 0.000000, 32.082600
15.368000, 0.000000, 32.115500
15.436000, 0.000000, 32.172200
15.504000, 0.000000, 32.168700
15.572000, 0.000000, 32.209300
15.640000, 0.000000, 32.194600
15.708000, 0.000000, 32.158900
15.776000, 0.000000, 32.168000
15.844000, 0.000000, 32.196000
15.912000, 0.000000, 32.199500
15.980000, 0.000000, 32.196000
16.048000, 0.000000, 32.198100
16.116000, 0.000000, 32.225400
16.184000, 0.000000, 32.254800
16.252000, 0.000000, 32.221900
16.320000, 0.000000, 32.244300
16.388000, 0.000000, 32.236600
16.456000, 0.000000, 32.249900
16.524000, 0.000000, 32.289100
16.592000, 0.000000, 32.255500
16.660000, 0.000000, 32.254100
16.728000, 0.000000, 32.283500
16.796000, 0.000000, 32.274400
16.864000, 0.000000, 32.269500
16.932000, 0.000000, 32.288400
17.000000, 0.000000, 32.296800
17.068000, 0.000000, 32.290500
17.136000, 0.000000, 32.303100
17.204000, 0.000000, 32.322000
17.272000, 0.000000, 32.301700
17.340000, 0.000000, 32.327600
17.408000, 0.000000, 32.310100
17.476000, 0.000000, 32.326900
17.544000, 0.000000, 32.331800
17.612000, 0.000000, 32.339500
17.680000, 0.000000, 32.405300
17.748000, 0.000000, 32.364000
17.816000, 0.000000, 32.398300
17.884000, 0.000000, 32.397600
17.952000, 0.000000, 32.408100
18.020000, 0.000000, 32.387100
18.088000, 0.000000, 32.402500
18.156000, 0.000000, 32.428400
18.224000, 0.000000, 32.457800
18.292000, 0.000000, 32.483000
18.360000, 0.000000, 32.456400
-8.772000, 0.000000, 29.470900
-8.704000, 0.000000, 29.468800
-8.636000, 0.000000, 29.489800
-8.568000, 0.000000, 29.533900
-8.500000, 0.000000, 29.545800
-8.432000, 0.000000, 29.531100
-8.364000, 0.000000, 29.545100
-8.296000, 0.000000, 29.564700
-8.228000, 0.000000, 29.537400
-8.160000, 0.000000, 29.540900
-8.092000, 0.000000, 29.544400
-8.024000, 0.000000, 29.576600
-7.956000, 0.000000, 29.543000
-7.888000, 0.000000, 29.575900
-7.820000, 0.000000, 29.597600
-7.752000, 0.000000, 29.601100
-7.684000, 0.000000, 29.592700
-7.616000, 0.000000, 29.617900
-7.548000, 0.000000, 29.648700
-7.480000, 0.000000, 29.648000
-7.412000, 0.000000, 29.628400
-7.344000, 0.000000, 29.624200
-7.276000, 0.000000, 29.655000
-7.208000, 0.000000, 29.671800
-7.140000, 0.000000, 29.706100
-7.072000, 0.000000, 29.705400
-7.004000, 0.000000, 29.673900
-6.936000, 0.000000, 29.699800
-6.868000, 0.000000, 29.697700
-6.800000, 0.000000, 29.711700
-6.732000, 0.000000, 29.713800
-6.664000, 0.000000, 29.717300
-6.596000, 0.000000, 29.722200
-6.528000, 0.000000, 29.729900
-6.460000, 0.000000, 29.765600
-6.392000, 0.000000, 29.803400
-6.324000, 0.000000, 29.785200
-6.256000, 0.000000, 29.783100
-6.188000, 0.000000, 29.783100
-6.120000, 0.000000, 29.750900
-6.052000, 0.000000, 29.750200
-5.984000, 0.000000, 29.805500
-5.916000, 0.000000, 29.773300
-5.848000, 0.000000, 29.752300
-5.780000, 0.000000, 29.762800
-5.712000, 0.000000, 29.768400
-5.644000, 0.000000, 29.774700
-5.576000, 0.000000, 29.745300
-5.508000, 0.000000, 29.674600
-5.440000, 0.000000, 29.608100
-4.420000, 0.000000, 24.155800
-4.352000, 0.000000, 24.134100
-4.284000, 0.000000, 24.101900
-4.216000, 0.000000, 24.048700
-4.148000, 0.000000, 23.933200
-4.080000, 0.000000, 23.925500
-4.012000, 0.000000, 23.956300
-3.944000, 0.000000, 24.017200
-3.876000, 0.000000, 24.002500
-3.808000, 0.000000, 23.991300
-3.740000, 0.000000, 24.013700
-3.672000, 0.000000, 24.017900
-3.604000, 0.000000, 24.015100
-3.536000, 0.000000, 24.059900
-3.468000, 0.000000, 24.104000
-3.400000, 0.000000, 24.061300
-3.332000, 0.000000, 24.066200
-3.264000, 0.000000, 24.081600
-3.196000, 0.000000, 24.069700
-3.128000, 0.000000, 24.049400
-3.060000, 0.000000, 24.045900
-2.992000, 0.000000, 24.056400
-2.924000, 0.000000, 24.077400
-2.856000, 0.000000, 24.090000
-2.788000, 0.000000, 24.094900
-2.720000, 0.000000, 24.101900
-2.652000, 0.000000, 24.083000
-2.584000, 0.000000, 24.125700
-2.516000, 0.000000, 24.129200
-2.448000, 0.000000, 24.139700
-2.380000, 0.000000, 24.128500
-2.312000, 0.000000, 24.130600
-2.244000, 0.000000, 24.138300
-2.176000, 0.000000, 24.130600
-2.108000, 0.000000, 24.139000
-2.040000, 0.000000, 24.171900
-1.972000, 0.000000, 24.190100
-1.904000, 0.000000, 24.206900
-1.836000, 0.000000, 24.234900
-1.768000, 0.000000, 24.208300
-1.700000, 0.000000, 24.224400
-1.632000, 0.000000, 24.220200
-1.564000, 0.000000, 24.262200
-1.496000, 0.000000, 24.266400
-1.428000, 0.000000, 24.253100
-1.360000, 0.000000, 24.241900
-1.292000, 0.000000, 24.253100
-1.224000, 0.000000, 24.267800
-1.156000, 0.000000, 24.245400
-1.088000, 0.000000, 24.286000
-1.020000, 0.000000, 24.308400
-0.952000, 0.000000, 24.287400
-0.884000, 0.000000, 24.316800
-0.816000, 0.000000, 24.279000
-0.748000, 0.000000, 24.272000
-0.680000, 0.000000, 24.304200
-0.612000, 0.000000, 24.316100
-0.544000, 0.000000, 24.317500
-0.476000, 0.000000, 24.336400
-0.408000, 0.000000, 24.352500
-0.340000, 0.000000, 24.363700
-0.272000, 0.000000, 24.353200
-0.204000, 0.000000, 24.378400
-0.136000, 0.000000, 24.377700
-0.068000, 0.000000, 24.442100
0.000000, 0.000000, 24.408500
0.068000, 0.000000, 24.393800
0.136000, 0.000000, 24.401500
0.204000, 0.000000, 24.419000
0.272000, 0.000000, 24.426700
0.340000, 0.000000, 24.405000
0.408000, 0.000000, 24.396600
0.476000, 0.000000, 24.471500
0.544000, 0.000000, 24.483400
0.612000, 0.000000, 24.433000
0.680000, 0.000000, 24.433000
0.748000, 0.000000, 24.429500
0.816000, 0.000000, 24.467300
0.884000, 0.000000, 24.506500
0.952000, 0.000000, 24.516300
1.020000, 0.000000, 24.498100
1.088000, 0.000000, 24.493900
1.156000, 0.000000, 24.538000
1.224000, 0.000000, 24.557600
1.292000, 0.000000, 24.499500
1.360000, 0.000000, 24.484800
1.428000, 0.000000, 24.533100
1.496000, 0.000000, 24.573700
1.564000, 0.000000, 24.535200
1.632000, 0.000000, 24.589100
1.700000, 0.000000, 24.591200
1.768000, 0.000000, 24.563900
1.836000, 0.000000, 24.561800
1.904000, 0.000000, 24.558300
1.972000, 0.000000, 24.561800
2.040000, 0.000000, 24.605200
2.108000, 0.000000, 24.610800
2.176000, 0.000000, 24.603100
2.244000, 0.000000, 24.628300
2.312000, 0.000000, 24.639500
2.380000, 0.000000, 24.674500
2.448000, 0.000000, 24.678700
2.516000, 0.000000, 24.671000
2.584000, 0.000000, 24.659800
2.652000, 0.000000, 24.659800
2.720000, 0.000000, 24.684300
2.788000, 0.000000, 24.697600
2.856000, 0.000000, 24.696900
2.924000, 0.000000, 24.709500
2.992000, 0.000000, 24.723500
3.060000, 0.000000, 24.739600
3.128000, 0.000000, 24.769000
3.196000, 0.000000, 24.732600
3.264000, 0.000000, 24.749400
3.332000, 0.000000, 24.776000
3.400000, 0.000000, 24.771800
3.468000, 0.000000, 24.773900
3.536000, 0.000000, 24.784400
3.604000, 0.000000, 24.764100
3.672000, 0.000000, 24.780900
3.740000, 0.000000, 24.810300
3.808000, 0.000000, 24.759200
3.876000, 0.000000, 24.765500
3.944000, 0.000000, 24.831300
4.012000, 0.000000, 24.844600
4.080000, 0.000000, 24.818000
4.148000, 0.000000, 24.808200
4.216000, 0.000000, 24.825000
4.284000, 0.000000, 24.838300
4.352000, 0.000000, 24.846000
4.420000, 0.000000, 24.872600
4.488000, 0.000000, 24.876100
4.556000, 0.000000, 24.867700
4.624000, 0.000000, 24.893600
4.692000, 0.000000, 24.900600
4.760000, 0.000000, 24.915300
4.828000, 0.000000, 24.955200
4.896000, 0.000000, 24.986000
4.964000, 0.000000, 24.995100
5.032000, 0.000000, 24.981100
5.100000, 0.000000, 24.981800
5.168000, 0.000000, 25.013300
5.236000, 0.000000, 25.002100
5.304000, 0.000000, 25.021700
5.372000, 0.000000, 25.023100
5.440000, 0.000000, 25.043400
5.508000, 0.000000, 25.052500
5.576000, 0.000000, 25.039200
5.644000, 0.000000, 25.076300
5.712000, 0.000000, 25.093100
5.780000, 0.000000, 25.078400
5.848000, 0.000000, 25.063700
5.916000, 0.000000, 25.068600
5.984000, 0.000000, 25.082600
6.052000, 0.000000, 25.079800
6.120000, 0.000000, 25.051800
6.188000, 0.000000, 25.054600
6.256000, 0.000000, 25.072800
6.324000, 0.000000, 25.116900
6.392000, 0.000000, 25.124600
6.460000, 0.000000, 25.119700
6.528000, 0.000000, 25.137200
6.596000, 0.000000, 25.135800
6.664000, 0.000000, 25.116200
6.732000, 0.000000, 25.135100
6.800000, 0.000000, 25.172900
6.868000, 0.000000, 25.139300
6.936000, 0.000000, 25.111300
7.004000, 0.000000, 25.133700
7.072000, 0.000000, 25.130200
7.140000, 0.000000, 25.157500
7.208000, 0.000000, 25.168000
7.276000, 0.000000, 25.188300
7.344000, 0.000000, 25.185500
7.412000, 0.000000, 25.203000
7.480000, 0.000000, 25.215600
7.548000, 0.000000, 25.205800
7.616000, 0.000000, 25.254100
7.684000, 0.000000, 25.269500
7.752000, 0.000000, 25.252700
7.820000, 0.000000, 25.256200
7.888000, 0.000000, 25.239400
7.956000, 0.000000, 25.273000
8.024000, 0.000000, 25.293300
8.092000, 0.000000, 25.277900
8.160000, 0.000000, 25.260400
8.228000, 0.000000, 25.280000
8.296000, 0.000000, 25.298200
8.364000, 0.000000, 25.305200
8.432000, 0.000000, 25.337400
8.500000, 0.000000, 25.309400
8.568000, 0.000000, 25.337400
8.636000, 0.000000, 25.360500
8.704000, 0.000000, 25.358400
8.772000, 0.000000, 25.346500
8.840000, 0.000000, 25.353500
8.908000, 0.000000, 25.385700
8.976000, 0.000000, 25.367500
9.044000, 0.000000, 25.373800
9.112000, 0.000000, 25.401100
9.180000, 0.000000, 25.403200
9.248000, 0.000000, 25.402500
9.316000, 0.000000, 25.362600
9.384000, 0.000000, 25.373100
9.452000, 0.000000, 25.414400
9.520000, 0.000000, 25.396200
9.588000, 0.000000, 25.441000
9.656000, 0.000000, 25.491400
9.724000, 0.000000, 25.462000
9.792000, 0.000000, 25.448000
9.860000, 0.000000, 25.466900
9.928000, 0.000000, 25.483700
9.996000, 0.000000, 25.486500
10.064000, 0.000000, 25.503300
10.132000, 0.000000, 25.532700
10.200000, 0.000000, 25.511700
10.268000, 0.000000, 25.520800
10.336000, 0.000000, 25.539700
10.404000, 0.000000, 25.579600
10.472000, 0.000000, 25.548100
10.540000, 0.000000, 25.519400
10.608000, 0.000000, 25.518000
10.676000, 0.000000, 25.552300
10.744000, 0.000000, 25.554400
10.812000, 0.000000, 25.555100
10.880000, 0.000000, 25.592200
10.948000, 0.000000, 25.568400
11.016000, 0.000000, 25.589400
11.084000, 0.000000, 25.592200
11.152000, 0.000000, 25.657300
11.220000, 0.000000, 25.641900
11.288000, 0.000000, 25.606900
11.356000, 0.000000, 25.599900
11.424000, 0.000000, 25.622300
11.492000, 0.000000, 25.630700
11.560000, 0.000000, 25.637000
11.628000, 0.000000, 25.664300
11.696000, 0.000000, 25.678300
11.764000, 0.000000, 25.651700
11.832000, 0.000000, 25.651000
11.900000, 0.000000, 25.716800
11.968000, 0.000000, 25.683900
12.036000, 0.000000, 25.768600
12.104000, 0.000000, 25.759500
12.172000, 0.000000, 25.733600
12.240000, 0.000000, 25.701400
12.308000, 0.000000, 25.718200
12.376000, 0.000000, 25.721700
12.444000, 0.000000, 25.722400
12.512000, 0.000000, 25.767200
12.580000, 0.000000, 25.793800
12.648000, 0.000000, 25.776300
12.716000, 0.000000, 25.735700
12.784000, 0.000000, 25.791000
12.852000, 0.000000, 25.789600
12.920000, 0.000000, 25.789600
12.988000, 0.000000, 25.778400
13.056000, 0.000000, 25.816200
13.124000, 0.000000, 25.801500
13.192000, 0.000000, 25.809200
13.260000, 0.000000, 25.810600
13.328000, 0.000000, 25.805700
13.396000, 0.000000, 25.865900
13.464000, 0.000000, 25.892500
13.532000, 0.000000, 25.873600
13.600000, 0.000000, 25.833700
13.668000, 0.000000, 25.819700
13.736000, 0.000000, 25.877100
13.804000, 0.000000, 25.875700
13.872000, 0.000000, 25.920500
13.940000, 0.000000, 25.926800
14.008000, 0.000000, 25.901600
14.076000, 0.000000, 25.853300
14.144000, 0.000000, 25.842100
14.212000, 0.000000, 25.912800
14.280000, 0.000000, 25.931000
14.348000, 0.000000, 25.940100
14.552000, 0.000000, 31.629700
14.824000, 0.000000, 31.881000
14.892000, 0.000000, 31.967800
14.960000, 0.000000, 31.971300
15.028000, 0.000000, 32.011200
15.096000, 0.000000, 32.007700
15.164000, 0.000000, 32.107100
15.232000, 0.000000, 32.099400
15.300000, 0.000000, 32.084700
15.368000, 0.000000, 32.116900
15.436000, 0.000000, 32.180600
15.504000, 0.000000, 32.179200
15.572000, 0.000000, 32.216300
15.640000, 0.000000, 32.196000
15.708000, 0.000000, 32.163100
15.776000, 0.000000, 32.174300
15.844000, 0.000000, 32.202300
15.912000, 0.000000, 32.207900
15.980000, 0.000000, 32.205100
16.048000, 0.000000, 32.206500
16.116000, 0.000000, 32.234500
16.184000, 0.000000, 32.260400
16.252000, 0.000000, 32.228200
16.320000, 0.000000, 32.247800
16.388000, 0.000000, 32.239400
16.456000, 0.000000, 32.254100
16.524000, 0.000000, 32.294000
16.592000, 0.000000, 32.259700
16.660000, 0.000000, 32.264600
16.728000, 0.000000, 32.293300
16.796000, 0.000000, 32.282100
16.864000, 0.000000, 32.274400
16.932000, 0.000000, 32.291900
17.000000, 0.000000, 32.303800
17.068000, 0.000000, 32.297500
17.136000, 0.000000, 32.307300
17.204000, 0.000000, 32.327600
17.272000, 0.000000, 32.314300
17.340000, 0.000000, 32.333200
17.408000, 0.000000, 32.316400
17.476000, 0.000000, 32.333900
17.544000, 0.000000, 32.346500
17.612000, 0.000000, 32.345800
17.680000, 0.000000, 32.419300
17.748000, 0.000000, 32.368900
17.816000, 0.000000, 32.406700
17.884000, 0.000000, 32.399000
17.952000, 0.000000, 32.415100
18.020000, 0.000000, 32.397600
18.088000, 0.000000, 32.412300
18.156000, 0.000000, 32.431900
18.224000, 0.000000, 32.460600
18.292000, 0.000000, 32.487900
18.360000, 0.000000, 32.464100
